bathy.asc
NCOLS 562 
NROWS 334 
XLLCORNER -139.998111854 
YLLCORNER 53.993344118 
CELLSIZE 0.018 
NODATA_value -9999 
[rows 174 to 202 of 334, columns 264 to 329 of 562]
-9999 -9999 -9999 -9999 -9999 -9999 -9999 -9999 -9999 -9999 -9999 -9999 -9999 -9999 -9999 -9999 -9999 -9999 -9999 -9999 -9999 -9999 -9999 -9999 -9999 -9999 -9999 -9999 -9999 -26.0420525603448 -33.2655506320527 -161.557654656676 -437.648466453467 -660.538212844614 -756.721514746798 -778.098391442461 -762.527843765397 -730.640856962621 -686.80735266186 -629.004416779315 -557.0609331146 -427.561063591766 -295.052561792559 -198.104701447858 -117.688247807257 -56.5303537696984 -13.2877678457792 -7.68693207496255 -5.73825257939934 1.29696364866879 0.870887512532313 1.77651542885575 -9999 -9999 -9999 -9999 -9999 102 44.51659001945 0.404857598296993 0.796563361493479 2.07720448915212 2.53860224457606 -9999 -9999 -9999
-9999 -9999 -9999 -9999 -9999 -9999 -9999 -9999 -9999 -9999 -9999 -9999 -9999 -9999 -9999 -9999 -9999 -9999 -9999 -9999 -9999 -9999 -9999 -9999 -9999 -9999 -9999 -9999 71 -10.9092772443184 -18.8185544886368 -95.6488183836089 -336.242494702718 -595.149269317356 -734.766965437053 -786.536606830505 -777.508878945291 -740.002650729472 -685.665795804479 -619.8020100931 -540.660847462097 -406.342320857327 -274.760740660543 -174.745936452536 -93.2965636213644 -31.584639588799 -9999 -9999 -9999 22.6580932430818 9.16365245353379 1.77651542885575 7.0754137428425 -9999 -9999 -9999 -9999 -9999 -9999 5 3.86537264564762 3 -9999 -9999 -9999 -9999
-9999 77.3736556407291 7.2487630928307 47.7394156560937 99 -9999 -9999 -9999 -9999 -9999 -9999 -9999 -9999 -9999 -9999 -9999 -9999 -9999 -9999 -9999 -9999 -9999 -9999 -9999 -9999 -9999 -9999 -9999 -9999 -9999 -3 -17.8168820540078 -202.579292661474 -499.221533132827 -704.641377653334 -799.817968448419 -805.655229235027 -768.871838752827 -714.538873968181 -646.385395371091 -568.838051559549 -442.436014413007 -318.209621267915 -230.122916459137 -140.129533393513 -41.3353423176196 -9999 -9999 -9999 59 30.4749056865028 3.69739046113791 7.0754137428425 23.3989264211777 -9999 -9999 -9999 -9999 -9999 -9999 -9999 -9999 -9999 -9999 -9999 -9999
77.3736556407291 77.3736556407291 7.2487630928307 47.7394156560937 99 -9999 -9999 -9999 17 -9999 -9999 168 -9999 -9999 -9999 -9999 -9999 -9999 -9999 -9999 -9999 -9999 -9999 -9999 -9999 -9999 -9999 -9999 -9999 -9999 -9999 -12 -152.114290290238 -432.844054618852 -682.758181443453 -824.502321233133 -848.036977818511 -815.994666364922 -765.298396360663 -699.643004145561 -626.074964166382 -509.835371137629 -396.573144868538 -312.897417111571 -217.308189719079 -78.3795382100435 -3.10922539760055 -18.2539774533557 -9999 -9999 -9999 -9999 22.7775820151187 23.3989264211777 -9999 -9999 -9999 -9999 -9999 -9999 -9999 -9999 -9999 -9999 -9999 -9999
77.3736556407291 77.3736556407291 10 47.7394156560937 99 -9999 -9999 17.5320834299001 17 -9999 -9999 -9999 -9999 -9999 -9999 -9999 -9999 -9999 -9999 -9999 -9999 -9999 -9999 -9999 -9999 -9999 -9999 -9999 -9999 232.270919098158 -9999 -12 -137.827743731008 -331.997950838726 -654.284173994327 -850.820223678629 -897.284733983078 -875.243098674583 -826.151320325213 -764.053620836667 -697.097299216142 -589.799974089564 -484.173364571308 -401.628064286506 -284.136768322639 -116.708446134531 -33.3987295091109 -18.2539774533557 -9999 -9999 -9999 -9999 40 23.3989264211777 -9999 -9999 -9999 -9999 -9999 -9999 -9999 -9999 -9999 -9999 -9999 -9999
-9999 77.3736556407291 10 51.1998305577368 67.8659357745244 -9999 -9999 18 17 -9999 -9999 -9999 -9999 -9999 -9999 -9999 -9999 -9999 -9999 -9999 -9999 -9999 -9999 -9999 -9999 -9999 -9999 -9999 134 232.270919098158 -9999 -83.0859579201027 -28.3441721091972 -209.824260157935 -566.908240097526 -815.510424909628 -902.732981784546 -910.442668796499 -873.746646928403 -818.107398885306 -757.966481711081 -658.370928930299 -557.185889003494 -470.793998724961 -335.613669781953 -160.23817144188 -37.6242331785754 -35.5114813438431 -9999 -9999 -9999 -9999 -9999 -9999 -9999 -9999 -9999 -9999 -9999 -9999 -9999 -9999 -9999 -9999 -9999 -9999
-9999 -9999 53.0241438151015 7 67.8659357745244 27 -9999 -9999 -9999 -9999 -9999 54.4152276531441 53.3126660670622 -9999 -9999 -9999 -9999 -9999 -9999 -9999 -9999 -9999 -9999 -9999 -9999 -9999 -9999 -9999 134 -9999 -9999 -20.1720860545986 -12 -105.46769680138 -376.91650464097 -676.153533953861 -854.174183129515 -912.992119218626 -894.233134221614 -846.738764373861 -792.989987391167 -702.115223697866 -606.892278756451 -515.860449577319 -379.777245404109 -212.994803231624 -62.0252423857426 0.295307861823925 -9999 -9999 -9999 -9999 -9999 -9999 -9999 -9999 -9999 -9999 -9999 -9999 -9999 -9999 -9999 -9999 -9999 -9999
-9999 55.2557493998238 56.7887323409378 -9999 -9999 -9999 -9999 -9999 142.008258966176 74.7832053698131 118.909741896235 54.4152276531441 123 88.1563330335311 -9999 -9999 -9999 -9999 -9999 -9999 -9999 -9999 117.535569558616 113 -9999 -9999 -9999 -9999 -9999 -9999 -9999 -9999 -12 -39 -229.602038677745 -561.65294017436 -791.571104801465 -889.532520096606 -889.065021108474 -852.169334565792 -808.094534876405 -728.401466610068 -643.577250063546 -561.877397035356 -437.052049907333 -265.352918992271 -68.32100591625 30.0421825001232 15.1687451809735 -9999 -9999 -9999 -9999 -9999 -9999 -9999 -9999 -9999 -9999 -9999 -9999 -9999 -9999 -9999 -9999 -9999
28.6278746999119 2 40.0587772158421 -9999 -9999 -9999 -9999 124.364143683776 142.008258966176 10.9816541263981 2 60.4548709481176 -9999 -9999 -9999 -9999 -9999 -9999 -9999 -9999 -9999 122.505827590294 122 113 -9999 -9999 -9999 -9999 -9999 -9999 99 -9999 -9999 -39 -225.43346328211 -425.504132539707 -693.931381506395 -833.48669463006 -859.274488418002 -836.395955108204 -803.062728150732 -741.309531884885 -673.665500818018 -609.363322088641 -511.98348499474 -359.110917289628 -130.782393827569 -34.1257525772051 -2.04178503854097 391 -9999 -9999 -9999 -9999 -9999 -9999 -9999 -9999 -9999 -9999 -9999 -9999 -9999 -9999 -9999 -9999
-3.18084539880217 0.369992202240425 40.0587772158421 85 -0.537709681243742 22.7441210577627 32.2225184925349 13 -9999 -9999 -9999 -9999 -9999 -9999 13.6013233164272 -9999 -9999 -9999 -9999 -9999 98.630255644362 123 -9999 -9999 -9999 -9999 -9999 -9999 -9999 -9999 -9999 -9999 -9999 -24.3188065318782 -30.3977828014067 -222.723859473549 -558.500058235238 -757.244589701807 -804.821673889378 -794.505549359963 -774.1859822154 -732.605831230837 -687.169654440064 -646.032855957028 -583.146218186495 -474.467558454779 -296.855933278577 -124.235435240061 -44.3806826744989 -6.61300231061926 -9999 -9999 -9999 -9999 -9999 -9999 -9999 -9999 -9999 -9999 -9999 -9999 -9999 -9999 -9999 -9999
-2.98713255781996 -1.16558450142469 2.66831587622574 3.31668078685527 -0.537709681243742 22.7441210577627 49 -9999 -9999 -9999 -9999 -9999 -9999 13.5935552251389 13.6013233164272 13.3006616582136 -9999 -9999 -9999 41.8774024059434 75 -9999 -9999 -9999 -9999 -9999 -9999 -9999 -9999 -9999 -9999 -9999 -9999 -10.0189624563621 -18.2398302623497 -192.671946363712 -514.815893376062 -718.602810114315 -765.642662099275 -758.928058927588 -744.872795570835 -711.057192794301 -674.636190508714 -642.806338863693 -596.208578623313 -514.575373249774 -361.070121725938 -166.01891020612 -44.3806826744989 -6.61300231061926 -0.758225244265861 4.40347938514945 5.23844829870795 14.0837151474661 52.4712422478654 33.5968190382447 51.502704801959 51.502704801959 -9999 -9999 -9999 -9999 -9999 -9999 -9999 -9999
-3.8271869442316 -2.85673349023172 -0.0405082477512426 1.49669380477069 -0.537709681243742 0 0.660414339681769 -9999 -9999 -9999 -9999 -9999 -9999 90.0829772273746 13 -9999 -9999 -9999 24.8517500291466 36.0951068321345 55.5475534160672 -9999 -9999 -9999 -9999 -9999 -9999 -9999 -9999 -9999 -9999 -9999 -9999 11.1272143032281 -1.79809465037455 -168.336136503309 -474.669374329311 -672.132039314453 -727.717990245348 -725.485254277714 -712.911052789197 -684.510685380303 -654.943784638803 -630.383327442038 -595.235847481506 -526.129783149548 -387.585321686603 -205.87987028891 -68.6797509540278 -12.099578372737 -0.758225244265861 4.40347938514945 5.23844829870795 14.0837151474661 52.4712422478654 33.5968190382447 51.502704801959 -9999 -9999 -9999 -9999 -9999 -9999 -9999 -9999 -9999
-7.14697200457064 -5.9068726741292 -5.38178591994665 -2.28582467671897 -1 1.32082867936354 4.39875154825417 -9999 -9999 -9999 -9999 -9999 95.2152084779986 96.5574849144065 -2.44313346970836 10.9705171175464 21.6672514345435 17.946682964989 46.8700387098692 75 -9999 -9999 -9999 -9999 -9999 -9999 -9999 -9999 -9999 -9999 -9999 -9999 -9999 29.6560034830062 24.0525232568308 -148.53529687749 -452.703725026871 -642.763954070838 -690.932229605268 -690.342657285705 -681.782865202755 -657.185934563851 -631.46495336995 -610.652995164435 -583.098878728073 -528.775578360427 -408.014052343449 -239.567602528662 -103.932260163634 -34.1971322291305 -8.09663122898572 1.59580527156681 3.17573376890516 13.5335694450747 52.4712422478654 1.76825363359183 0.559812008716946 3.8084371291583 37.5595192050078 39.9479078576102 -9999 -9999 -9999 -9999 -9999 -9999
-10.3472901239065 -8.46211883346609 -6.63734911558978 -2.85483018115756 -1.59735431123894 0.965957957611016 4.39875154825417 4.69937577412708 -9999 -9999 -1 0.129349406044392 0.897269546513435 -0.640825380522029 -2.44313346970836 10.9705171175464 21.6672514345435 16 -9999 -9999 -9999 -9999 -9999 -9999 -9999 -9999 -9999 -9999 -9999 -9999 -9999 -9999 -9999 10.5323871704714 35.2594837091817 -125.833031343101 -424.150023020492 -608.67617619614 -662.753187365229 -664.993540315933 -656.467080512347 -634.108632827556 -610.342677319834 -591.205936221695 -565.659321345394 -517.136114485681 -421.637770212724 -290.63358160645 -161.509371487711 -65.4163631741991 -19.5295249365178 -6.38883488782858 -1.7996088273394 -0.169069216043678 2.12757381841892 1.76825363359183 0.559812008716946 3.8084371291583 37.5595192050078 39.9479078576102 -9999 -9999 -9999 -9999 -9999 -9999
-15.5892424073163 -13.7056434433834 -12.199945753238 -5.72765279829683 -2.97168107951365 0.512127581676462 5 4.69937577412708 -9999 1.11333038268191 -1 0.129349406044392 0.539758176596935 2.46736762326319 3.66363425778915 13.8768305778532 27 16 -9999 -9999 -9999 -9999 -9999 -9999 -9999 -9999 -9999 -9999 -9999 -9999 -9999 -9999 -9999 10.5323871704714 -14.194709368239 -156.713624133653 -418.979712723261 -587.271323525417 -637.339920159195 -643.405360298531 -639.075683244769 -618.863778706572 -595.243926506455 -574.56250389751 -549.739670441357 -509.998685921819 -436.387709271228 -331.901174487327 -209.160631317262 -95.8818130533347 -30.6159102535854 -9.28756985380629 -1.88254621275475 -0.108371514746607 2.12757381841892 7.96779427871158 5.23317201305163 3.8084371291583 37.5595192050078 39.9479078576102 -9999 -9999 -9999 -9999 -9999 -9999
-18.3745634462538 -15.7472551339196 -12.7045842692911 -7.57815933649066 -4.45347757283929 -3.4741030890742 -6.262288070896 -5.7887508691009 -0.596600797458115 -0.546333369724065 -0.702489733776158 -0.195005527920355 0.477293655673165 8.14741961215642 14.994463583059 14 27 -9999 -9999 -9999 -9999 -9999 -9999 -9999 -9999 -9999 -9999 -9999 -9999 -9999 -9999 152 -9999 -18.037150690647 -21.8795920130551 -157.587366150475 -402.586343341488 -562.837626730102 -621.638359713212 -634.102607800042 -633.01468155973 -614.36370981915 -589.307794459255 -566.6981555455 -540.922049014174 -504.273386938549 -444.887362103308 -356.86293387908 -241.778078726567 -123.009343910438 -38.6704609432083 -1.62812916705172 3.48690884785381 0.0316731739319108 2.89242822141618 21.6222245648572 5.23317201305163 3.8084371291583 37.5595192050078 -9999 -9999 -9999 -9999 -9999 -9999 -9999
-23.9079835562869 -21.084174750187 -18.9327552965294 -12.413226279626 -8.45797992073641 -6.43521909087289 -6.20086551643623 -5.24376887678531 -3.41156200169294 -3.33520947766298 2.19173399477285 7.05221568538324 0.477293655673165 8.14741961215642 7 14 -9999 -9999 -9999 -9999 -9999 -9999 -9999 -9999 -9999 -9999 -9999 -9999 -9999 -9999 -9999 152 91.5163396543886 -29.6535669715378 -37.4275419300205 -175.415428992369 -412.190258412197 -558.347894133338 -613.129478767094 -630.554098046882 -634.808898622192 -617.89364760675 -591.600010718601 -566.270193394008 -538.563370285051 -504.74626216829 -455.573181282339 -380.770000112208 -272.034824809277 -146.805153153577 -45.7001183443049 9.11575387115865 11.849172514315 0.0316731739319108 2.89242822141618 21.6222245648572 -9999 -9999 -9999 -9999 -9999 -9999 -9999 -9999 -9999 -9999
-27.4018367686059 -24.9177015403638 -21.8912404460755 -16.4088466776405 -13.0842711037312 -10.5355304066671 -7.93203718530821 -5.71477563002919 -3.46465241290085 -2.20012484888363 5.39438351268949 11.55088659121 9.30155113829663 -9999 -9999 -9999 -9999 -9999 -9999 -9999 -9999 -9999 -9999 -9999 -9999 -9999 -9999 -9999 137.427141847485 216.293623891923 -9999 4.81317491875936 71.6962419032609 123.326602189613 -138.740640720135 -242.629635537358 -441.01229299727 -558.475426617881 -613.190159355506 -635.977845792757 -643.216730597429 -628.033188387915 -600.454360448303 -572.823812081059 -542.76437064043 -509.178848930994 -468.31349367961 -406.480568945127 -303.537913548425 -175.717363552941 -68.6184904449365 -20.1067378886177 -7.47689659741591 -4.66255727211991 -5.44393882551197 6.15873183204086 68.7419528368268 -9999 -9999 -9999 -9999 -9999 -9999 -9999 -9999 -9999
-33.2342263740122 -30.7230521155921 -29.2409219889953 -22.6396635531725 -18.7789775631745 -16.073517116452 -12.4660134240929 -9.53539025543019 -5.82818770910841 -3.47272407101786 5.17248382002764 13.9198706299295 12.7353786105698 -9999 -9999 -9999 -9999 -9999 -9999 -9999 -9999 -9999 -9999 -9999 -9999 -9999 -9999 73 137.427141847485 216.293623891923 5.40658745937968 6 20.4416336656632 8.70832250437426 -150.137371325141 -354.664392943883 -481.335892930191 -564.651056201136 -614.87317611053 -642.247479377396 -653.65562730314 -640.248352250964 -611.940719181376 -581.892566676645 -549.340386465843 -515.172559743197 -479.226737610257 -428.179666406197 -332.071535853156 -205.297414857844 -102.47332325593 -44.0743987953536 -20.4103944571326 -15.1492286733173 -9.45448250091221 2.98449255278261 46.3006075875294 34.6404844153435 -9999 -9999 -9999 -9999 -9999 -9999 7.05946389223542 6.49187187538901
-37.9261026721721 -35.4132077372408 -32.5774876256257 -26.476536195462 -22.5837514765181 -19.5944133785794 -16.1094149954277 -12.6128229426053 -8.48156462384085 -4.9278812831143 6.87737951634517 13.994160811226 5.29506134596173 -9999 -9999 -9999 -9999 -9999 -9999 -9999 -9999 -9999 -9999 -9999 -9999 -9999 -9999 -9999 -9999 -9999 -9999 -4.20264022296278 -3.63270740589187 -11.4989720236122 -144.26167573851 -349.588979669148 -486.216236254781 -570.540626827054 -621.884777455671 -651.320835176845 -664.375999666966 -650.773277238408 -621.29027998689 -589.9161358848 -555.499649398506 -520.642592903464 -484.48520333954 -434.529887629104 -349.788538444122 -240.751393896396 -144.5657094479 -81.1292684922193 -52.2928646354431 -39.6050128544558 -19.630580893119 -4.80080089874542 -3.3823134608275 -0.885643972910102 12.0190761322399 5.73895324232183 -9999 -9999 -9999 5.20438595173019 1.70278485760879 15.1473413569847
-44.7896727451375 -42.0424959421305 -40.9119417838992 -33.6960814133901 -29.2702662505343 -26.1249445815085 -21.960289715562 -18.1141514344926 -13.0039190750822 -9.19442824427382 -5.00160275743613 -3.4040381193025 -3.15761662486325 -9999 -9999 -9999 -9999 -9999 -9999 -9999 -9999 -9999 -9999 -9999 -9999 -9999 -9999 -9999 -9999 -9999 -9999 -3.88628652001684 -4.77257304003369 -16.8978248390917 -142.722436588517 -340.203351478061 -485.046641813059 -578.932689780563 -633.149364710626 -661.970288132827 -673.516615403626 -657.426930944418 -625.475483514053 -592.116148900803 -555.477955213634 -517.950653607565 -479.679595526908 -432.843270409169 -360.223002521765 -267.510100182234 -178.334194899855 -107.695410763611 -67.203339505337 -46.2924165051329 -22.4137069139551 -5.61649326160966 -5.38264127184543 -3.96514307771647 7.00614351108447 5.73895324232183 -0.708103265377253 -1 13.6394525990699 17.3515763997059 0.761676436463948 10.2470330575599
-71.3934368246817 -63.7040993318531 -50.3768873885232 -38.0629589803681 -34.0554573119154 -30.3610888660132 -26.7150690927548 -22.2396508541959 -17.5472025453968 -13.0602323194991 -8.55482409698913 -4.86277597588707 -3.15761662486325 -4.19313099635697 -9999 119.810489856132 65 -9999 -9999 -9999 -9999 -9999 -9999 -9999 -9999 -9999 -9999 -9999 -9999 -9999 -9999 -9999 -3 -12.7226739995939 -135.882563440619 -342.009065271132 -501.571848777201 -597.735054040091 -643.546370585493 -661.640251139852 -665.264433755527 -644.68549247502 -610.618382274519 -577.231731636883 -540.530280954589 -501.720500802162 -461.404312427707 -414.682586200301 -354.433362378552 -281.193650250707 -201.839049297212 -130.532907103269 -82.0452916909026 -53.5560536105879 -21.2327360792277 -0.596696825890764 0.145844141674524 -0.817235403087248 -0.857989947044811 -0.618546801605601 -0.708103265377253 -1 13.6394525990699 10.3343587929263 1.1709049061704 0.964168984212032
-123.587670926252 -112.716175020077 -90.5779651682873 -64.9512838828188 -50.6532091317835 -41.1590425434644 -37.1670145555843 -32.8428874242548 -27.6908117253828 -22.3438733548453 -16.2157347515445 -11.1175842260126 -6.51681905949725 -4.19313099635697 -3.20218268494182 -9999 65 -9999 -9999 -9999 -9999 -9999 -9999 -9999 -9999 -9999 -9999 -9999 -9999 -9999 -9999 -9999 -11.8214985960593 -10.6429971921186 -141.993117875124 -365.785301184217 -526.884065720672 -609.888727664625 -630.455327353118 -626.56032929619 -618.665600318138 -600.525183462408 -574.861794556838 -546.421853162955 -511.748043388139 -474.425710530752 -434.75753061854 -392.892970787983 -344.280766874568 -283.71176293828 -211.217697784752 -137.268275373906 -87.30623782856 -60.996426160682 -23.4612011132256 3.47154673101099 2.52150393026443 -0.0706765838364444 0.0909577559213128 -0.715570389730238 -1.92829621932825 -1.70493653000885 1.24264091598161 0.864618174991615 3.17332609598383 5.71936693266852
-125.184917422604 -128.364241500079 -127.230395923691 -108.285920028742 -76.3348601469606 -53.0131743534082 -44.4749471644069 -40.1339218315148 -34.832021017537 -29.6258861510145 -22.8778320547414 -17.5299975382352 -11.8691430864653 -7.61951123604041 -3.20218268494182 -5.30095377086551 -9999 -9999 -9999 -9999 -9999 -9999 -9999 -9999 -9999 -9999 -9999 -9999 -9999 172 172 -9999 -11.1429072875192 -13 -137.753955147061 -351.744425614389 -509.770299237923 -582.921212740072 -583.977205294068 -564.570724981437 -553.254104524099 -559.449419639414 -562.23738570909 -541.972712039148 -504.019894132461 -459.612658797701 -418.719433863353 -384.856119403125 -347.735143053917 -295.027514406077 -224.054464692804 -145.604080232357 -93.2637131309828 -68.385794979456 -28.32464515857 2.43386705930469 2.52150393026443 0.315319490656836 1.14914304415831 0.0552294068086173 -1.2667543450112 -1.31071619821272 3.7852391376693 3.15149283693854 1.9208768611158 3.1446568589396
-124.367534280857 -127.534482482006 -127.214189642054 -117.456407539452 -99.7075291006035 -78.9963736851411 -67.0575954539384 -54.7211529904014 -40.0566626490098 -34.711261311359 -29.0465994530993 -23.5226966005701 -17.2315565810037 -11.9626041857481 -6.55574641379718 -5.30095377086551 42.1467838477845 -9999 30 -9999 -9999 -9999 -9999 -9999 -9999 -9999 -9999 -9999 -9999 172 172 -9999 -4.78145413936518 -9.28581457503839 -108.414029195571 -302.28726074561 -464.464310874198 -537.922335505476 -527.384513789503 -496.306666047693 -482.979894324305 -529.60900865242 -577.570039747037 -566.913619667328 -518.470151017023 -451.688309260945 -407.140826726055 -386.762528053144 -365.462713096128 -326.566962257111 -257.461663683891 -174.870523158678 -113.777800537872 -79.0527119140313 -29.1639101766876 4.47854906810758 15.6780884788536 12.465764801127 16.675151731322 12.0472706766596 3.22958169688218 1.82508065608196 0.233086779027616 0.0930737815872699 0.628349278167049 1.53288636865429
-125.360915932138 -124.390590347532 -121.221159796835 -117.564705560618 -115.738612858603 -112.958359362111 -111.927163508275 -87.1005862880459 -53.2734404928407 -43.3002924428402 -37.3490897582368 -31.4519670241954 -23.8996043682189 -17.7000625102766 -11.2225888183692 -5.48159182809778 42.1467838477845 -9999 -9999 -9999 -9999 -9999 -9999 -9999 -9999 -9999 -9999 -9999 -9999 172 -9999 -9999 -4.78145413936518 -0.277093703691968 -84.1499587412899 -267.163677978245 -445.273346793632 -533.137194406547 -518.095480782458 -480.306413079942 -465.974587364356 -536.862054199192 -611.787881347741 -606.371991747986 -551.71336431357 -471.814878407573 -426.164327254029 -415.175340971196 -401.263980728378 -365.531730560821 -290.66326206341 -196.321182668145 -124.105128159568 -81.2348894419372 -25.7029404091358 36.0156653551234 65.1579320958864 38.5455041534271 20.7627541153588 13.5603582786519 1.91959638462547 0.712600250825524 1.57106451140491 4.47710814261215 3.26270180810015 -0.153948906765306
-131.736965281448 -126.723294253453 -122.323629546786 -120.491203977083 -120.975075705964 -121.794641799495 -118.758159693372 -104.081857494875 -82.3609300288475 -64.0200544931519 -49.0751188162222 -37.4038282132166 -30.4554985008366 -23.3839853581004 -15.9422347493579 -7.06359805205085 42.4917257104113 59.2864262664127 -9999 -9999 -9999 -9999 -9999 -9999 -9999 -9999 -9999 -9999 -9999 123.082738101465 104.853376603131 30.9741468382956 30 19.1586320036684 -55.0586990444288 -237.598337170318 -461.959761825597 -584.419684056116 -580.830137863335 -543.207787620671 -528.669510562224 -589.151646047725 -650.978020514387 -645.13908513478 -596.176883827392 -528.474116501225 -488.027443622735 -475.063085838495 -451.464448638448 -396.043679022729 -304.427718218565 -198.950073581129 -117.472267419868 -67.1736090028673 -22.960502354624 32.1840127459646 65.1579320958864 38.5455041534271 20.7627541153588 13.5603582786519 2.21877461369121 30.4613011289724 1.57106451140491 21 16.4261132720679 11.8944208033065
-138.836303760167 -131.976906038019 -126.363397111401 -123.394504385811 -121.748694133242 -120.66867388751 -118.499282670261 -116.807415365929 -118.64259521358 -106.37026972284 -77.7077109551899 -52.1041016290551 -39.4076999765944 -31.9416074748989 -23.741854292421 -12.03082440251 -1.66844605752472 14.3974455056492 32.3315805053685 -9999 -9999 -9999 -9999 -9999 -9999 -9999 -9999 -9999 63 123.082738101465 104.853376603131 30.9741468382956 30 23.2831936039469 -20.3101040349243 -204.49885950874 -487.171197768455 -648.934456425231 -657.666220026473 -627.000502541993 -613.421009807562 -651.668648191084 -689.491423439707 -681.323657545126 -642.624841045917 -590.200157008302 -558.634624871584 -541.903482154893 -499.123683502532 -416.592759281891 -300.9942345787 -179.643731156942 -94.3716059320863 -45.8616439707599 -12.2829616377476 7.13730250762247 19.6606576267935 -9999 -9999 -9999 4.43268632282381 31.3210765259628 30.8911888274676 -9999 33 31.8237534789805
-144.509043460735 -138.107166241641 -131.51085745171 -126.589077745677 -124.767983375318 -122.60710649698 -121.038529416648 -122.383025457585 -124.944497164867 -122.243243187923 -109.653594760315 -80.8704465281582 -52.1829953471325 -38.6237261354609 -30.6638167697974 -20.0395627916302 -7.67181988225578 9.02731238704211 20.7614211968935 26.546500851131 -9999 -9999 -9999 75.7388269475315 18 -9999 -9999 -9999 63 123.082738101465 104.853376603131 30.9741468382956 30 23.2831936039469 -29.3832223607324 -199.711018365928 -488.90170251096 -673.178522312212 -707.604119636835 -693.932471214874 -688.173755272987 -702.848072361619 -713.332579092672 -701.7160227999 -674.677673107633 -642.982346792966 -616.900064101367 -588.912268146014 -524.646488245537 -416.031314649628 -281.590007354743 -149.664329295947 -64.8050678900714 -25.2626125302545 -12.2829616377476 12 9.56865125381123 -9999 -9999 5 4.43268632282381 31.3210765259628 -9999 -9999 -9999 38.4611293476295
