bathy.asc
NCOLS 562 
NROWS 334 
XLLCORNER -139.998111854 
YLLCORNER 53.993344118 
CELLSIZE 0.018 
NODATA_value -9999 
[rows 261 to 289 of 334, columns 396 to 461 of 562]
-9999 -9999 -9999 -9999 -9999 -9999 -9999 -9999 -9999 -9999 -9999 -9999 -9999 -9999 -9999 -9999 -9999 -9999 -9999 -9999 -9999 -9999 -9999 -9999 -9999 -9999 -9999 -9999 -9999 -9999 -9999 -9999 -9999 -9999 -9999 -9999 -9999 -9999 -9999 -9999 -9999 9.50963836356536 1.86129847074371 -44.0051514722446 -14.5931726423409 -12.7707771664195 -23.18339611526 -68.8895136910642 -140.472868217096 -227.737853226398 -344.510024517968 -384.783822366078 -382.767013860641 -357.354930959754 -263.007701231225 -43.7051497398131 2.39171970937075 -5.27305488940218 -9999 -9999 -9999 -9999 -9999 -9999 -9999 -9999
-9999 -9999 -9999 -9999 -9999 -9999 -9999 -9999 -9999 -9999 -9999 -9999 -9999 -9999 -9999 -9999 -9999 -9999 -9999 -9999 -9999 -9999 -9999 -9999 -9999 -9999 -9999 -9999 -9999 -9999 -9999 -9999 -9999 -9999 -9999 -9999 -9999 -9999 -9999 -9999 -9999 23 6.59666420689993 -53.6478855000626 -15.2907184519316 7.58219496947602 -2.66297465856164 -13.9048831381611 -37.3891782310448 -133.662309710757 -303.686059850398 -369.801593524433 -380.332974258248 -370.215998913314 -298.966917732174 -108.992821574642 -12.9378294881751 -5.27305488940218 -9999 -9999 -9999 -9999 -9999 -9999 -9999 -9999
-2.86290695530989 3.01964706621718 -9999 -9999 -9999 -9999 -9999 -9999 -9999 -9999 -9999 69.3659618170413 70.3781129848965 -9999 -9999 -9999 -9999 -9999 -9999 -9999 -9999 -9999 -9999 -9999 -9999 48.5786279959022 96.6082463322076 124.764899857623 169.781612541045 115.894227482147 32.5528959476656 15.2814449199506 -9999 -9999 -9999 -9999 -9999 -9999 -9999 -9999 -9999 -1.26013108938197 -2.31333263054284 -1 -0.215137937527523 22.8153869080083 -2.66297465856164 -13.9048831381611 15.7761410076846 -57.4986181864184 -261.843305079516 -353.479821422075 -379.117756822513 -381.466281860242 -326.902897474284 -186.652481625238 -40.652476929354 -14.2395176147539 -9999 -9999 -9999 -9999 -9999 -9999 -9999 1.65564389545578
-3.44633174236428 1.81313436780313 4.53986357125395 -9999 -9999 -9999 -9999 -9999 -9999 -9999 -9999 88.0407189789133 92.0746397361895 81.226376360543 -9999 -9999 -9999 -9999 -9999 -9999 -9999 -9999 -9999 -9999 125 48.5786279959022 96.6082463322076 124.764899857623 169.781612541045 115.894227482147 32.5528959476656 33.2660833990334 22.3823775684298 7.82921030945648 15.7255104785806 5.17630044805163 -0.539717451113622 0.543468285342384 10.2833147174225 7.57160516169683 9.03499115502747 -0.433051184046461 -1.51694756649361 -0.643906546286292 -0.509726672661788 22.8153869080083 -9999 -9999 19 -18.2510481335931 -227.074166172451 -334.888267917897 -376.032200380383 -394.100239458794 -362.579049913502 -242.157007173111 -69.2558972895761 -34.8965071844863 -24.5680123996201 -9999 -9999 5 18.0979131285738 -9999 -9999 20
-0.962205443227264 1.06425670664276 2.02547332347983 3.28266844736689 -9999 -9999 -9999 -9999 -9999 -9999 77 56.291800930183 84.340636241819 88.2076379890042 -9999 -9999 -9999 -9999 -9999 -9999 -9999 -9999 -9999 -9999 125 48.5786279959022 96.6082463322076 124.764899857623 169.781612541045 115.894227482147 32.5528959476656 51.6534658576787 25.3214851865106 46.0408340200545 20.4230367211429 3.05722664282835 -0.539717451113622 5.12497074956256 24.3453809771097 9.49193058990918 0.760104828439918 0.0484037569945024 -0.405434293342742 -0.117911149512507 -0.509726672661788 -9999 -9999 -9999 -9999 -3.08512435739618 -197.764667268318 -310.034106235111 -366.289919733764 -394.868777506662 -384.220835391048 -297.771120482407 -145.236748762239 -119.185602432139 -77.0410548083126 -9999 -9999 5 37.258353028666 4.99768751449248 -1.17762959523452 -7.59396657503595
-0.818821787456577 0.682297652637587 3.95914543640769 6.58608993391724 -9999 -9999 -9999 -9999 -9999 -9999 -9999 0 38.4627406712539 53.743975693354 16.9625972233401 -9999 -9999 -9999 -9999 -9999 -9999 -9999 -9999 -9999 -9999 -9999 -9999 -9999 -9999 -9999 -9999 33 -9999 55 12.0979580856774 -9999 -9999 14 41.0763345924823 11.7767211087782 8.48545941738502 2.99658111154747 0.182587822387406 -9999 -9999 -9999 -9999 -9999 -9999 12.0719158487438 -163.044283126645 -269.176136738204 -329.856638608028 -368.082727893589 -379.833561264583 -340.610985135496 -235.940001761711 -46.3528262282775 -5.31924073819354 -9999 -9999 -9999 56 8.41129071623184 -1.17762959523452 -5.32627095970393
10.5404747867654 5.78967694077804 2.81789778012021 6.58608993391724 6.27093982966223 -9999 -9999 -9999 -9999 -9999 -9999 -9999 0 16.1560734508454 16.9625972233401 28.5955908268266 -9999 -9999 -9999 -9999 -9999 -9999 -9999 -9999 -9999 -9999 -9999 -9999 8 22.3778853093246 -9999 -9999 -9999 -9999 -9999 -9999 -9999 -9999 -9999 22 22 7.19451958852856 -9999 -9999 -9999 -9999 -9999 -9999 -9999 25.0912797354961 -120.056770102571 -221.345586528022 -281.702651116887 -325.486169106024 -345.637646710929 -354.290561342997 -282.766749319815 -52.5606760733967 -5.31924073819354 0.560722046234785 -9999 -9999 -9999 -0.469059410541184 -1.20100200874933 -6.52436222962943
22.0703112828648 -9999 1 5.95578972540722 -9999 -9999 74.0732174237255 16.2316579337492 7.89081750980281 -9999 -9999 -9999 -9999 -8.38366330928898 3.89896431916901 28.5955908268266 28.3317330647125 -9999 -9999 -9999 -9999 -9999 -9999 -9999 -9999 -9999 -9999 -9999 8 -9999 -9999 -9999 -9999 -9999 195 -9999 -9999 -9999 -9999 -9999 22 -9999 -9999 -9999 -9999 -9999 -9999 -9999 -1.69297957594538 18.1929808108012 -102.803118270244 -201.18630655661 -262.183398032976 -306.152920013837 -332.309759501026 -364.086940019875 -332.021377546654 -143.321139314917 -73.0680219270482 0.560722046234785 -9999 -9999 -0.106262162049705 -0.469059410541184 -2.10703114655374 -8.09962646862054
0.510171745921502 -9999 -9999 -9999 -9999 2 41.2817519477904 16.2316579337492 7.89081750980281 9.56155507307827 1.78902119424674 12.8973671051528 12.5296898410603 0.366379340405201 4.51549060841538 28.0678753025985 -9999 -9999 -9999 -9999 -9999 398 192.765603477514 -9999 -9999 -9999 -9999 -9999 -9999 -9999 -9999 -9999 -9999 -9999 -9999 -9999 -9999 -9999 -9999 -9999 -9999 -9999 -9999 -9999 -9999 -9999 -9999 1.25707011710334 -1.69297957594538 -19.6098804760045 -125.215977856755 -218.73278550062 -279.960551394461 -320.031689176953 -351.750738699667 -378.374110489512 -372.710486967864 -315.247406822408 -249.921352523957 -90.6941713971804 -14.6035035069963 6.83493614243787 12.8109389305398 0.256535086441774 -3.02645698870014 -9.70369760079107
-0.489828254078498 -9999 -9999 -9999 -9999 -9999 4 14.4756829306966 13.1599340546337 9.56155507307827 1.78902119424674 12.8973671051528 6.22429733885112 2.10037387209588 10.0857801750846 -9999 -9999 59.4528202915188 25.180701581019 -9999 -9999 398 192.765603477514 -9999 -9999 -9999 -9999 -9999 77 -9999 -9999 -9999 -9999 -9999 -9999 -9999 -9999 -9999 -9999 -9999 -9999 -9999 -9999 -9999 -9999 -9999 4.58034111057206 1.70094710164789 -13.9762506730219 -27.9532279420581 -144.64696216055 -243.707899855349 -303.78160725284 -341.21983225914 -371.588751014301 -397.471325247717 -416.900690064833 -420.206880434995 -383.508260235364 -223.400912177627 -48.0925856735375 6.83493614243787 12.8109389305398 -0.950098983102939 -4 -10.5457191577572
-0.489828254078498 -9999 -9999 -9999 -9999 -9999 -9999 40 79.4540875490141 56.704396650094 7.550089570068 -6.35574828407817 -2.20580547069946 4.21493923536882 10.0857801750846 -9999 123.982358991127 59.4528202915188 25.180701581019 25.2521981029378 -9999 398 -9999 -9999 -9999 -9999 -9999 -9999 -9999 -9999 -9999 -9999 -9999 -9999 -9999 -9999 -9999 -9999 -9999 -9999 -9999 -9999 42.8411133366143 -9999 -9999 -9999 3 2.20951168618389 5.4025405601861 -10.9030955995806 -161.12823376968 -262.320476560894 -317.136828694931 -355.942426431646 -387.580029349135 -414.116712253952 -434.733727018343 -445.476294008654 -412.645006888686 -321.535543222189 -183.330634071032 -41.0028202698252 -2.79199220496029 -4.82776933916053 -3.94766258258395 -11.2985385096731
10.2976562905712 4.36624698765725 -9999 -9999 -9999 -9999 -9999 40 79.454087549014 57.4752983789974 5.02848787754542 -13.4141001075614 6.80287800742415 15.7358362929869 9.97538776417785 -4.11790658056541 -1.951628856363 45.7367413764174 23.844797394552 -9999 -9999 -9999 -9999 -9999 -9999 -9999 -9999 -9999 -9999 -9999 -9999 -9999 -9999 -9999 -9999 -9999 -9999 -9999 -9999 -9999 -9999 28 79.5370944017629 96.3444461836758 -9999 -9999 -9999 -6.11439482434499 3.66754948918691 -23.3708770211146 -188.424387706786 -279.346178255464 -324.307302015308 -365.500109004065 -400.546236980383 -425.730933190492 -439.586016151415 -442.49227479256 -423.456278835525 -395.966057588223 -347.460745263613 -211.869490247367 -159.486132260827 -102.072805214053 -35.5742594560267 -29.263692324142
7.32725697727106 23.790776231395 31.9920469620683 -9999 -9999 -9999 -9999 -9999 79.454087549014 31.2569770231196 5.19434152716622 -9.50007295746895 27.5964713545359 42.8296625891541 -14.3394207088046 -37.1933987270157 -10.89584581145 79.0485286317596 -9999 -9999 -9999 -9999 -9999 -9999 -9999 -9999 -9999 -9999 -9999 -9999 -9999 -9999 -9999 -9999 -9999 -9999 -9999 -9999 -9999 -9999 -9999 28 147 32.683949777715 -0.569724124944953 -1 -0.166700232006821 -2.95640622578994 -4.78639084458371 -26.3065281538874 -196.531755095871 -289.788033095263 -331.934423555418 -369.983742435209 -403.437328319977 -425.530545345332 -436.65204411433 -434.350443653661 -424.428397034729 -410.574621991963 -385.881817358179 -356.306767366409 -324.317536092482 -230.967797734964 -115.842701672323 -67.5692418383845
32.7325803408361 57.174316401104 31.9920469620683 -9999 -9999 -9999 -9999 -9999 -9999 63 18.2156185967688 -13.2955631786912 9.27371428804639 -27.2630528715958 -25.1389595195339 -23.7025200453271 -3.27096987445423 8.67112900188886 4.11119026006232 0.524046730785211 2.21955615516548 -9999 -9999 -9999 -9999 41.0529593216474 42.0192901390284 -9999 -9999 -9999 -9999 -9999 -9999 -9999 -9999 -9999 -9999 -9999 -9999 -9999 -9999 -9999 -9999 13.8757531300868 -1.01307455444683 -2.38922666254396 -1.02696140618494 -0.817130938381954 -1.47902647104729 -16.8489094846635 -203.391868417708 -294.425531820425 -332.15481697943 -362.168783146548 -390.113002351327 -408.120818890047 -416.855719750198 -413.018497936891 -404.450733924671 -389.775926356981 -375.213079587789 -357.450681947671 -333.546794395688 -273.979494290526 -198.268862157869 -128.685069158432
64.675778207162 57.174316401104 -9999 -9999 -9999 -9999 -9999 -9999 -9999 -9999 -1.82274157469727 -39.5030651573361 -46.8498694383579 -52.0226264232549 -23.3434337610755 -1.65409336353196 4.19705114978778 8.67112900188886 4.11119026006232 0.524046730785211 2.21955615516548 -9999 -9999 -9999 66.0462626877793 91.0395660539111 91.347042905205 -9999 -9999 -9999 -9999 126 -9999 -9999 -9999 -9999 -9999 -9999 -9999 -9999 -9999 -9999 40.3440752639004 5.96175698931814 -1.16313979325351 -2.16492948608409 4.6944444918463 4.2843906613641 9.83894399967224 -1.62622049884731 -183.671907593513 -272.962102380231 -308.739772916506 -336.160529671882 -361.157385064294 -376.454661165779 -382.67596098004 -376.313617750579 -365.417893386365 -351.003411660027 -340.806043233595 -330.25379163233 -317.177271501819 -292.984982072232 -247.138175139387 -178.48446423537
1.70234370942883 36.5067372005993 3.99663628590465 5.04134405477536 1.5129378201356 -11.4099232348307 -9999 -9999 2.69591772192574 -3.13555009474558 -16.1265731294753 -74.7062722911932 -81.7149702587077 -58.5505688836168 -31.7611804302746 -24.457160538018 5.21179540084888 -9999 -9999 -9999 -9999 -9999 -9999 -9999 43.9389957459686 64.8779914919372 63.9577715805912 -9999 -9999 -9999 -9999 -9999 -9999 -9999 -9999 -9999 3.46028254888638 0.684797571986423 -0.773609559785209 -1 -0.627512926060526 -2.55847162226015 0.603681355967102 0.350157911269352 -0.784862062472477 -0.213262520413506 11.0405805538246 11.6285350585517 20.5083647711766 6.0861665903683 -143.260067513153 -231.456905558836 -267.308844604453 -297.75281957979 -321.578891850888 -337.533012687582 -341.606181662315 -333.429581849841 -316.554200705269 -304.849209885069 -296.823647472601 -299.997609610416 -305.24583548766 -295.40343320687 -265.645767152757 -207.85656394288
-11.1951660897033 12.8250724027686 3.99663628590465 5.04134405477536 -5.3965323022119 -11.4099232348307 -10.3505657288789 12.4060390446064 2.69591772192574 -3.13555009474558 -32.2418753053797 -89.8230562507844 -83.8622575214431 -40.6753209023749 -15.7411261339573 7.20013087657652 5.21179540084888 26.5812581920668 -9999 -9999 -9999 3.48345493767169 -9999 -9999 -9999 23 -9999 -9999 -9999 -9999 -9999 -9999 -9999 63 -9999 5 3.46028254888638 0.684797571986423 -0.773609559785209 -1 -0.627512926060526 -0.21237395125908 0.688668291272846 0.198931013498732 -9999 -9999 -9999 -9999 -9999 1.35109749440169 -121.770097439119 -205.127735851522 -240.162959768701 -269.480881328368 -291.865829194258 -307.239786858339 -310.365976234996 -302.719904607047 -286.549157067339 -277.517355848441 -273.627907226627 -285.292824117881 -299.075973429602 -295.281660221741 -272.929100322893 -227.080535629944
-13.2796487213986 -5.48987139587467 -27.1029219138554 -30.0196452380408 -39.0376857005791 -37.5986394070881 -10.3505657288789 4.87814447329738 3.04099357955319 -11.3013612534117 -38.7548740114475 -86.1359092670127 -77.7669301440759 -28.1088067565104 1.64081233137437 11.0591518489539 34.1195565960224 26.5812581920668 -9999 -9999 3.94945308912243 3.48345493767169 29.2824981223353 -9999 -9999 -9999 -9999 -9999 -9999 -9999 -9999 -9999 -9999 -9999 -9999 5 3.46028254888638 0.684797571986423 -0.773609559785209 -0.626957210119792 -0.115540046060928 2.33770743339023 3 -9999 -9999 -9999 -9999 12.0143139003328 17 13.6122707045002 -124.359385460944 -204.075342397722 -234.361252386887 -256.041474438559 -276.299790565459 -289.118411030759 -294.79140040575 -291.883720134305 -284.747489214593 -279.947052195533 -281.168589781025 -293.086271899149 -305.544305350713 -301.263980536098 -279.684692719646 -240.158337291319
5.246607540482 4.2351573633305 -36.0719409122722 -48.9456455042955 -49.0621850348835 -40.9710781641221 -33.8222420178362 -23.5225862754114 -9.76110390212932 -25.7666728118656 -59.6761391706548 -107.73400338829 -99.0874780224037 -36.4023516076442 -16.4026536650541 11 33.7028618811404 26.5812581920668 -9999 6.27546628595208 3.94945308912243 4.69874469319547 29.5301366730722 -9999 -9999 37.8209886810982 -9999 -9999 -9999 -9999 -9999 -9999 30 -9999 -9999 -9999 -9999 -9999 39.3989984710588 25.7979969421176 26.2984568510494 -9999 -9999 -9999 -9999 -9999 9.94000723323813 12.0143139003328 17 38.1768590674074 -118.856800588586 -203.324366010431 -227.768512528632 -243.666252356812 -261.664278904445 -276.085273616668 -288.265966513619 -294.822388910185 -299.299128422107 -303.22027171731 -309.950446955904 -319.962360907371 -327.716426903778 -314.828199068289 -291.195550993018 -259.419985047854
4.74723805910214 3.21534913637344 -13.7972043536752 -19.5451795994485 -20.9026681916437 -29.8845047774487 -31.0503765867515 -29.4874865501262 -17.6039325850106 -38.834933752762 -88.7213875627839 -144.868941854408 -148.18138452532 -106.402019351222 -23.6330591752577 42.1761231381717 -6.47683652633078 35.2562254237996 15.1949391253895 11.6133695845472 8.60147948278174 4.56165590847935 4.01559372040459 -9999 -4.05976994047096 37.8209886810982 51.8292401732486 -9999 -9999 -9999 -9999 -9999 -9999 -9999 -9999 -9999 -9999 -9999 -9999 53 -9999 -9999 -9999 -9999 -9999 2 8.30890317361407 -9999 -9999 78.2705534617229 -101.830430566877 -188.927866398946 -210.57517879858 -226.927393404002 -246.272696239438 -267.780799956333 -288.862360347164 -307.689393413758 -324.821713313314 -340.044810704443 -353.754569391073 -362.773720391756 -364.736204756487 -339.187737819679 -310.597913717401 -281.757024153935
-1.62321365490093 3.41771474079888 0.158327774009534 -1.36209572936477 -11.647680668314 -13.765118035157 -11.7799834541293 -31.1318118354111 -17.5369587532425 -24.5479413322971 -74.6503507450957 -140.368541153956 -165.350245131902 -157.913419729977 -69.827163355288 -6.0385677416261 -6.47683652633078 35.2562254237996 15.1949391253895 11.6133695845472 15.0069351486284 2 -9999 0.50187038759661 -4.05976994047096 21.7435781830225 30.8473909975122 9.31359516798533 -9999 -9999 -9999 -9999 -9999 -9999 -9999 -9999 33 10.6197098625354 -9999 -9999 -9999 -9999 -9999 -9999 -9999 -9999 -9999 -9999 -9999 54.7198890613472 -87.6879508372465 -161.541793267899 -186.798581095249 -211.491650826279 -239.405198287961 -270.64170843294 -302.153734283598 -332.756670826254 -360.755243900151 -386.164983018829 -405.840972503128 -415.787515814049 -414.399305666136 -377.774478111732 -342.027283036229 -306.866943730752
-1.34312733464856 2.45725302516305 6.84186662052454 10.1172201619458 9.55049085382975 1 1.71359621211609 -9999 -6 -7.43844492692173 -31.1358089156429 -84.7540229395914 -120.600325044784 -128.930519713985 -108.727048626853 -86.2033589687549 -56.1401385860257 -1.25489493173369 3.36771689695831 10.0876565335598 19.8542300171512 9.23163087259639 -0.974411543804148 7.49699111868381 5.06351071566418 21.1738849277469 27.397137264705 9.31359516798533 3.5028078428249 -9999 -9999 -9999 -9999 -9999 -9999 -9999 33 -9999 -9999 -9999 -9999 -9999 -9999 -9999 -9999 -9999 48.8540327473681 -9999 -9999 35.2179907031122 -64.2234922607492 -132.781546448839 -169.235438663094 -206.746955939431 -246.084322863056 -287.555128590829 -328.730270889438 -368.906118081928 -404.852323632602 -437.41013145585 -461.688040075609 -473.578137057135 -472.038292377761 -429.505117504956 -385.894383225172 -337.005177061887
-1.70234370942883 -1.29578087345716 2.59810531439818 8.98376154571367 9.55049085382975 -9999 1.71359621211609 -9999 -9999 -7.43844492692173 16.571768005677 -41.0023792025961 -86.9200075885488 -97.6483522924634 -121.990954665399 -138.969169766595 -121.080157547923 -64.3216509980469 -10.8943174372484 -6.14786017210003 19.8542300171512 9.23163087259639 -0.974411543804148 7.49699111868381 21.3971276532907 7.76772984221325 10.8319507364136 5.65759386261514 -9999 -9999 -9999 -9999 -9999 -9999 -9999 -9999 -9999 -9999 -9999 -9999 -9999 -9999 -9999 -9999 -9999 114.397875612405 48.8540327473681 -9999 -9999 49.4045946392622 -61.6682046855849 -132.526637317526 -174.568776539849 -220.335549256947 -268.278356508697 -317.526751119734 -365.456868287988 -411.7918562826 -453.370822317982 -489.864976989464 -516.858031054248 -530.867500780039 -530.100178150164 -486.782151887115 -439.212105676831 -381.095053643367
-1.70234370942883 -1 -0.652391765937809 -0.502249503875458 4.2407560209191 -9999 -9999 -9999 -9999 -9999 48 -41.0023792025961 -86.9200075885487 -45.094607123797 -120.533251645709 -180.652450894503 -176.77582288786 -120.82664971203 -58.9801463682169 -55.0178846563759 -29.2673843479149 -20.5179620533967 -14.5944606583992 -10.5032535471808 5.51883820821385 2.68911292153292 -0.739533055735082 1.26274549918339 2 -9999 -9999 21 -9999 -9999 -9999 -9999 -9999 -9999 -9999 -9999 -9999 -9999 -9999 -9999 138 114.397875612405 35.6541524754221 4.19754673661123 65.9738259363732 28.7842768112487 -86.7228872048198 -159.002999244006 -203.92326786172 -251.503343830499 -302.595035230772 -354.592852295723 -406.268033035391 -455.426204429304 -500.752477053947 -538.020890850975 -566.248813117913 -580.55221467663 -581.011217755402 -540.416127107001 -493.773142564254 -437.349318268048
-9999 -1 -0.293905456342022 5.66375968617968 2.58075509115211 -9999 -9999 -9999 -9999 -9999 -9999 -9999 10.4619830353589 -23.7338925549619 -111.599199388576 -208.069219187422 -227.005565586144 -191.136838418485 -146.638865228944 -123.498633641501 -96.0050493236995 -72.5428819144315 -46.8363473346025 -27.23299530337 -9.52419938260876 -1.62117992645394 -2.36755670031096 -0.348526914053874 0.517482712307004 9.96338807726021 -9999 -9999 -9999 -9999 -9999 -9999 -9999 -9999 -9999 -9999 -9999 -9999 -9999 -9999 -9999 114.397875612405 3.22774206596483 0.58097662763222 126.98583321809 58.8168912288859 -93.7186834904441 -182.202665336061 -247.389553477236 -299.835360801417 -348.658514997688 -399.280601055823 -451.594269941541 -501.361503224718 -546.817548644946 -582.475593695103 -608.328928788883 -620.551900671345 -620.263797787186 -580.844787314567 -536.125462653016 -482.964563259535
-9999 -9999 -9999 8 48.4611865395932 20.8733107098713 0.145615151535626 -0.574980115112739 -9999 -9999 -9999 25.2162136184852 11.8078156221788 -20.4511901543553 -97.7403157791038 -190.276685739248 -228.721156582597 -219.273692885711 -180.198846019552 -131.906141442353 -100.23122752595 -80.2614765493603 -56.9775189801208 -27.083542673701 -7.81948176820051 -1.75627692796607 -2.13556227327664 -1.37345882598264 -1 5.84048441541661 34.5607580531965 -9999 -9999 -9999 -9999 -9999 -9999 -9999 -9999 -9999 -9999 -9999 -9999 -9999 -9999 19 -9999 -9999 160 86.1357592317474 -49.0958176941384 -160.109470896449 -257.415928123411 -325.444755792488 -378.466076505172 -431.144291853521 -484.633187617399 -534.589647305886 -577.607775466514 -609.851273877054 -629.747176907893 -636.690039671547 -630.590612210743 -583.973503940147 -537.116992622354 -485.026059897934
-9999 -9999 -9999 -9999 65 20.8733107098713 1.21156361604239 -0.574980115112739 -1 -9999 31 30.975977200683 7.07687102327475 -24.8880308532354 -76.5367423693621 -136.078819909057 -180.670241697215 -191.434775584754 -161.00022791571 -109.469233960669 -71.3931823473634 -46.7618469574808 -29.5525919218925 -7.65439673449103 -1.51047161196659 -0.00673036463105747 -0.628207502303944 4.24896742794891 6.34678574918408 23.8139393311632 39.7146145129163 -9999 -9999 3.47153505157608 12.1973047339024 -9999 -9999 -9999 -9999 -9999 -9999 -9999 -9999 -9999 -9999 -9999 -9999 -9999 -9999 -9999 36.3980376479157 -119.028125812432 -227.242983797959 -313.07123254624 -379.632716765767 -442.722554882642 -500.582134958236 -551.923458562841 -591.482011253836 -618.807965643589 -630.836204147605 -629.662891132951 -613.491549681149 -548.965563888376 -493.674532212513 -441.754167753988
-9999 -9999 -9999 -9999 -9999 -9999 11.9971267875908 2.69772319949897 -1 -1.70429408689004 -9999 39 7.83150526340618 -19.6270559961454 -53.1913787383849 -92.7252080951123 -138.293139302466 -163.486507055875 -142.607200658781 -90.3304328178293 -44.6701643213842 -20.2809322756271 -7.69333629796284 3.94553467636515 1.02117023855473 4.24339728736515 1.11726832510188 4.77278073205522 7.2574725382736 44.2020807509482 13.55163733721 40.8563757594406 15.4562894876905 3.47153505157608 12.1973047339024 15.0012144447992 -9999 -9999 -9999 -9999 -9999 -9999 -9999 -9999 -9999 -9999 -9999 -9999 -9999 288 43.5928284959587 -101.194574681397 -208.387476326078 -304.56229506874 -384.47421512116 -458.296897749847 -521.340667209093 -573.052757454535 -608.451795699269 -628.725031061514 -631.592028878339 -619.250938347419 -589.899953164808 -498.679774389442 -431.904972024465 -379.477354109131
-9999 -9999 -9999 -9999 -9999 -9999 -9999 5.54415252768142 -2.79937216209211 -1.70429408689004 2.60548940287663 -9999 -9999 -9999 -38.1171894516132 -68.9822144737929 -115.927621496267 -152.027241354545 -138.29294278149 -87.7057256827012 -28.0875213507067 -16.2190481141445 -8.58942819744018 -5.12939131976845 -3.13536912962175 6.86410477119983 0.981715656589301 -0.873444747895516 -0.504201501757738 6.68772088525783 13.55163733721 40.8563757594406 15.4562894876905 3.47153505157608 2.23389210867281 -9999 -9999 -9999 -9999 -9999 -9999 -9999 -9999 -9999 -9999 -9999 -9999 -9999 20.5465461165197 -4.20989188550898 -39 -109.650167613206 -211.111716922515 -310.59403738926 -399.139814792309 -478.459782111406 -544.804316477655 -594.256565459115 -625.329086616659 -637.827814902722 -631.754839964028 -608.337277754704 -566.215971323682 -450.035885403072 -375.437700495169 -318.666603661884
