bathy.asc
NCOLS 562 
NROWS 334 
XLLCORNER -139.998111854 
YLLCORNER 53.993344118 
CELLSIZE 0.018 
NODATA_value -9999 
[rows 203 to 231 of 334, columns 330 to 395 of 562]
-9999 -9999 -9999 7.15125870348779 4.15480332830623 3.6664121300398 -9999 -9999 -9999 -9999 -9999 3 -9.76348510657431 -143.19764552349 -248.305366498987 -230.851923464851 -170.134385997958 -125.377597173833 -111.211185343907 -134.959421283983 -165.714334991328 -122.09642286103 -42.7936333556312 -3.32936761933715 26.8160585920249 23.3631960474193 -9999 -3 -14.359401463304 -24.7977196571248 -31.4438008531144 -5.9850191416483 -11.0731244085453 -26.8427296678742 -30.2030925040687 -12.9170566107403 -30.781491427585 -65.4386983931478 -81.8484882719705 -63.4936542379783 -37.6211769821317 -42.1334892137823 -34.4976150894272 -35.6352306470823 -41.9832535987234 -27.6537018993592 -14.3350043490265 -9.18443937674228 -5.95179019847719 -3.18171858690173 -3.64966784741071 -2.07446652024766 -1 -2.34157771191737 6.98733613388568 11.8983956485056 16.5076861485022 -9999 -9999 -9999 -9999 -9999 -9999 -9999 -9999 -9999
-9999 -9999 -9999 25 10.1477140786694 0.817871358333301 1.84862071938351 0.816611800667275 -9999 -9999 -9999 18.922431205548 8.95179666421678 -148.487031840842 -243.873973357007 -213.00455565409 -151.890842744535 -127.223320018674 -142.565115280392 -144.689839045028 -113.972218060698 -60.9063289538358 -18.8521345898873 -1.40469303849302 17.7823732375118 23.3631960474193 13.1197754353029 -9999 -9999 -9999 -9999 -9999 -9999 -9999 -19 -9999 -9999 -9999 -9999 -9999 12.3464171355514 -18.1510809519262 -20.8533260264365 -9999 -9999 -6 -2.67582316431561 -9999 1 -0.340923236962084 -0.769883480945361 -0.888494769193641 -1 -2.16021090151118 4.71226706558036 -0.114267614535369 16.5076861485022 31.4837196431834 6.17714336563648 4.51372631702034 -9999 -9999 -9999 -9999 -9999 -9999
-0.435105290403281 -9999 -9999 25 10.9723689534848 -0.149171110712192 0.769456047654228 0.816611800667275 2.3742780671241 3.89553539730438 15.7517663181916 18.922431205548 -3.01981877949213 -152.982859167369 -241.11763968176 -208.054599653569 -146.085024499513 -127.112989134899 -147.476687014333 -132.893693200339 -77.1797515283812 -25.1802114174255 3.57190373009076 5.40469303849302 1.3764238093858 2.87635482318643 3.43817741159321 -9999 -9999 -9999 -9999 -9999 -9999 -9999 -9999 -9999 -9999 -9999 -9999 7.82048460921483 14.620311094885 19.5870898318527 19.6006165219121 -9999 -9999 -9999 -9999 -9999 -9999 5.69785369577283 0 -0.674212452710143 -1 -3.22324821317878 -2.04990645194559 -2.34132900496204 10.4826075973081 20.304803090473 6.17714336563648 4.51372631702034 27.0416449955052 -9999 -9999 -9999 -9999 -9999
-0.435105290403281 -9999 -9999 8.16707636235978 8.82790246236259 15.9137306470686 1.40888767124679 0.817775342493574 1.6286215119768 3.89553539730438 15.7517663181916 3.13535784127777 -36.6428612771512 -168.509233419151 -256.257909286954 -231.190802109067 -173.089686183156 -136.803520449837 -122.956713269014 -110.157792170807 -81.7768011901026 -39.47876690542 -1.56022638063476 5.40469303849302 -9999 4 -9999 -9999 -9999 -9999 -9999 -9999 -9999 -9999 -9999 -9999 -9999 -9999 -9999 0 14.2047713535653 19.6141432119714 -9999 -9999 -9999 -9999 -9999 -9999 -9999 4 11.3957073915457 4.21260075663771 -1 -1.70375532491707 -1.33234132466255 -1.70764885368488 -1.32844779589415 -1.7115423824538 -1.32455426712522 2.6058972204264 17.3388300274069 16.8239285961572 3.37463294220797 -9999 -9999 -9999
-1 -9999 12.5835381811799 8.16707636235978 20.5699419045013 -9999 -9999 2 0.219291449656923 0.915475430040988 7.15019932121408 -10.5473419470033 -67.6525600870352 -186.240518493204 -265.164166791284 -245.395836633542 -187.429051343015 -147.01921507152 -126.153774394652 -118.309385221475 -101.498566334419 -53.038363445808 24.8417955078626 -9999 -9999 -9999 -9999 -9999 -9999 -9999 -9999 -9999 -9999 -9999 -9999 -9999 -9999 -9999 -9999 -9999 8 -9999 -9999 -9999 -9999 -9999 -9999 -9999 -9999 4 11.3957073915457 -1 -1 -2.32632014389743 -1.6263412551819 -2.3336580146783 -1.61900338439991 -2.34099588546127 -1.61166551361693 -1 -1 5.77835813513129 3.37463294220797 13.5409142455533 -9999 -9999
-0.563313981136291 -9999 -9999 17 -9999 -9999 -9999 -9999 -1 -0.316496053813514 -11.0483641381011 -52.6772650812593 -118.395744700323 -200.315588273346 -247.902617824943 -238.374864981318 -203.023098246166 -180.828078860633 -171.802025654992 -149.712791771023 -108.379588567178 -55.4998824204174 9.10988823918234 29.6373547934391 12.9283668972801 -9999 -9999 -9999 -9999 -9999 -9999 -9999 -9999 -9999 -9999 -9999 -9999 -9999 -9999 -9999 -9999 -9999 -9999 -9999 -9999 -9999 -9999 -9999 -9999 -9999 -9999 -9999 -1 -1 -0.286648023551694 -0.666023926872454 -1 -1 -1 90 95.5287296539325 44.4235965861923 7.97929798065391 9.09147319523047 2.91970739308025 -10.2114153463046
-0.437476383093752 -9999 -9999 -9999 -9999 -9999 -9999 -9999 -1 3.94169889976648 -16.2443315797592 -94.860377081851 -169.596732092334 -214.533204927454 -239.299431268407 -247.623184808932 -246.443607850296 -235.540752621519 -209.738176151471 -154.710870167906 -81.9748407237794 -28.3976131568664 -7.588252905627 -3.78062099887881 12.9283668972801 -9999 -9999 -9999 -9999 -9999 -9999 -9999 -9999 -9999 -9999 -9999 -9999 -9999 -9999 -9999 -9999 -9999 -9999 -9999 -9999 -9999 -9999 -9999 -9999 -9999 -9999 -9999 -1 -1 2 0.194576082865098 -0.88873719651291 -1.48207478485992 -1.90722808736734 90 95.5287296539325 72.3602349173031 29.17455367542 3.91244352753257 -1.24565370363944 -10.2114153463046
-1 -9999 -9999 -9999 -9999 -9999 0.230543952345772 0.183388199332725 21.1813635705549 14.1233740635607 -20.1944447733347 -85.153295330432 -153.677262845996 -209.438683389752 -244.972044180486 -266.904349465298 -278.628494522476 -257.891268007032 -205.972312903043 -133.859201245944 -57.4598173906417 -9.60288929628926 0.248186857405303 -0.378299226499225 0 -9999 -9999 -9999 -9999 -9999 -9999 -9999 -9999 -9999 -9999 -9999 -9999 -9999 -9999 -9999 -9999 -9999 -9999 -9999 -9999 -9999 -9999 -9999 -9999 -9999 -9999 -9999 -9999 -9999 2 0.954857636495072 -0.683589538283408 -1.8862840604168 -1.40425880564046 -0.310784210372458 2.07327362022468 72.3602349173031 20.4606269027675 8.43257833067033 -0.880033898422547 -13.2354041172926
2.47139707918485 65.3659260857286 -9999 -9999 -9999 2 0.230543952345773 -11.5924647009352 5.49842826200334 4.82999563541728 -27.244846257884 -92.7573558550018 -151.684866215009 -202.373979416833 -249.119970535079 -275.752534776633 -280.312542915051 -253.681143751669 -196.613560509918 -125.686195623196 -60.7829857845497 -29.0080917505793 -21.3324661916716 -8.89166776626728 -1.68912191667724 -0.532445345601047 -9999 -9999 16.640598536696 7.46818689525015 -9999 -9999 -9999 -9999 -9999 -9999 -9999 -9999 -9999 -9999 -9999 -9999 -9999 -9999 -9999 -9999 -9999 -9999 -9999 -9999 -9999 -9999 -9999 -9999 3 0.954857636495072 -0.598852818601281 -1.61904227453235 5.99489918503068 3.49260127008868 3.76648865545755 5.73360228964898 3.55953471912922 4.79647798518474 0.149375590136119 -18.9442219024867
1.43788413617895 61.713237694667 102.834640188169 -9999 -9999 2 1.49488036949352 -20.6610270173527 -17.2268477381793 -14.7807406128949 -50.0068447107547 -124.202679784341 -172.838799562964 -205.236094932861 -245.274534440851 -264.710543864852 -260.037346395179 -237.068697578407 -194.391877684504 -135.786962973605 -77.2732089756787 -52.8513446070229 -35.717457114496 -14.6174105500558 -4.62243326385179 -3.10783108844845 -1.82562074149551 15.6733180474937 15.7179726570093 6.78978698938838 6.87826644290051 4.1797753374975 -9999 -9999 -9999 -9999 -9999 -9999 -9999 -9999 -9999 -9999 -9999 -9999 -9999 -9999 -9999 -9999 -9999 -9999 -9999 -9999 -9999 -9999 -9999 -0.500641007785078 -0.402429196968874 -2.11955083320952 19.0173411703681 19.7480671964772 8.56238838023311 5.82417127492028 5.45362147246684 1.58121361262555 0.0501596134924823 -18.5905887816308
0.617504387662492 55.8953577543993 -9999 -9999 -9999 4.08127928676882 6.66767820404412 1.61139036412207 -9.78573970972068 -40.8588728882084 -100.013098083536 -170.162725334624 -204.787252516656 -219.179889997265 -236.184313120262 -237.400796276284 -221.382101226215 -211.432882576761 -200.383128276889 -156.180421151099 -98.5037657289959 -64.1898427047046 -45.0657491459594 -19.8351252202162 -2.72729207343534 -5.7802842074128 -4.24906912844542 8.32298832644478 25.2919448493476 30.693381496141 16.0102807000043 4.1797753374975 1.36142047246832 -9999 -9999 -9999 -9999 -9999 -9999 -9999 -9999 -9999 -9999 -9999 -9999 -9999 -9999 -9999 -9999 -9999 -9999 -9999 -9999 -9999 -9999 -0.384804136767845 -0.367179076566816 -1.73853857040547 1.41249351089528 18.1048667203556 7.00568632557075 -1.69296662385667 0.0307264666610009 0.279800231488815 1.14629143441781 -14.3072072718735
15.0037587502832 31.5013312294808 -9999 -9999 -9999 18.9019961586699 17.5510525491561 0.934037299593541 -17.9389991881845 -72.9424272056429 -141.572241926122 -203.679162224293 -230.954910204961 -230.794451284901 -228.891503582952 -214.361274945973 -188.421415488365 -183.027304684362 -187.537148186535 -152.397417465059 -96.7080658824208 -62.3134602255437 -41.7304861443249 -14.4639781126642 1.59471889470498 6.13398350062571 6.21146297714449 2.66796627855019 20.5634136312457 61.1158507046233 38.6406210152723 27.3203105076361 1 -9999 -9999 -9999 -9999 -9999 -9999 -9999 -9999 -9999 1 1 -9999 -9999 -9999 -9999 -9999 -9999 -9999 -9999 -9999 -9999 2.37284196615902 1.7087466982217 -0.481408888146962 -2.31399969750907 0.157441227643951 -0.646054312546427 -1.19738721758763 -1.19262003958109 -1.08482304359694 -0.303282541913705 0.698592875200792 -7.87338263278028
37.1853678710334 -9999 -9999 -9999 5.9280482723442 18.9019961586699 5.32456901969125 -10.527987077028 -30.1743224992903 -71.0528881474333 -135.704149256016 -201.157241070553 -234.63506488417 -233.527576990994 -220.578469998881 -197.615436878802 -171.445312172132 -155.144005098042 -141.578634636681 -111.807873145243 -70.9379878668533 -48.4881116666058 -28.5561409407211 -4.60333226087466 6.75284761877161 40 25.5714784285922 187.696441513293 150.455627724001 -9999 16 -9999 -9999 -9999 -9999 -9999 -9999 -9999 -9999 -9999 -9999 -9999 5.50862606860349 5.98602787391011 -9999 -9999 -9999 -9999 -9999 -9999 69 25.8504030265508 8.73489831385183 3.22036713060235 2.37284196615902 0.811128357863626 4.27781071813782 1.28285274063866 -0.251706504535256 -1.16187902854922 -1.22420181706289 -2.06734363173118 2.00418987050155 -0.0367270970448609 5.98592875200792 -0.768311582677024
5.9427941583697 2.18875767876892 28.1158507046549 21.5429557332345 -0.9303392416136 -7.04589961398148 -17.5911249230789 -34.0976895024215 -48.5286884900076 -73.3008730722936 -130.618232378732 -197.533994984366 -236.26515370478 -232.664056093621 -208.819919982219 -176.224242505042 -143.999065581671 -118.028958485735 -96.1020217742378 -72.5171505324296 -36.488573576607 -17.1549597849177 -4.33643641409225 5.87761982728035 6.75284761877161 19.134483762305 121.099053726573 187.696441513293 150.455627724001 28.4259495536071 -9999 -9999 -9999 -9999 -9999 -9999 -9999 -9999 -9999 -9999 -9999 39.3113810570572 12 -9999 -9999 -9999 -9999 -9999 -9999 -9999 69 26.5881977113788 8.73489831385183 3.22036713060235 5.95161220028368 10.9669864501921 19 -9999 2 -0.943270331217129 -1.39245710373279 -3.64116477210233 0.0438518361118985 -0.0367270970448609 5.98592875200792 3.45358758964391
3.39725991764189 2.18875767876892 28.1158507046549 21.5429557332345 -0.9303392416136 -14.6409576667694 -36.1884615458537 -49.9571432940985 -67.6346532461222 -101.410671092129 -151.374324140122 -204.645382553341 -242.023390676432 -233.161543589423 -190.606835816211 -145.258007460238 -105.790876064536 -79.5931031093499 -60.629774300137 -47.6960366768289 -18.5663934569224 10.7349750495273 17.7603492872296 11.404693038493 6.75284761877161 16.6119844748677 78.8850182829689 163.633163672248 121.533009139351 28.4259495536071 13.8964981387098 -9999 -9999 -9999 -9999 -9999 -9999 -9999 -9999 -9999 116 39.3113810570572 38.4400219206906 -9999 -9999 -9999 -9999 -9999 -9999 -9999 -9999 8 6.62545612009214 2.17013701411859 16.4335141348306 -9999 -9999 52.1930187511419 84.369572665443 -1 -1 -1 -1 -2.02178927112998 2.98254294044868 -4.79981855955503
-6.04612904871717 -3.75750211487042 12.6279220285229 5.77006869335761 -13.0401393093783 -36.9965664159662 -61.0762591237102 -72.6010586178451 -97.2148401403205 -138.421926505552 -182.884900869961 -222.761872751058 -251.320143334319 -235.308872079995 -181.524806507199 -124.895480365567 -78.6104968413582 -58.2994191794368 -45.5214440469197 -35.9497274818394 -14.2856152909715 -9999 -9999 -9999 -9999 16 5.96276760249889 -9999 0 -0.632953276187462 -9999 -9999 -9999 -9999 -9999 -9999 -9999 -9999 -9999 -9999 -9999 -1 38.4400219206906 -9999 -9999 -9999 -9999 -9999 -9999 -9999 -9999 -9999 -1 0.106083897553913 24.676368968375 19.9438016186188 33 52.1930187511419 84.369572665443 43.9980315675619 5.7959934516857 -1 -0.743937174056422 -2.64808849372176 -3.30600140299619 -14.0865329982632
-18.0080257800197 -12.6399523886384 -20.7616319870507 -32.7145168705928 -51.9904779674798 -80.8848088430988 -102.649952226192 -114.745570770703 -140.446022855498 -179.582709221297 -213.634105085646 -239.188987023369 -256.317648955661 -235.368388176333 -184.479733271769 -120.731614406343 -65.3337747737893 -48.6253984883508 -40.8153274256793 -32.9500512020215 -9999 -9999 -9999 -9999 -9999 -9999 -9999 -9999 -9999 -9999 -9999 -9999 -9999 -9999 -9999 -9999 -9999 -9999 -9999 -9999 -9999 -9999 34.1116281911159 40.2198128097568 -9999 -9999 -9999 -9999 -9999 -9999 -9999 -9999 -9999 0 15.660885862134 19.9438016186189 33 52.1930187511419 84.369572665443 43.9980315675619 -9999 -9999 0 -0.696717458086295 -3.63902584420228 -13.8837184314377
-19.0905867144769 -23.9812734966799 -45.4213276364371 -72.7598162970776 -102.490322980812 -131.425743036738 -150.753120896185 -163.501228912478 -183.621435142424 -209.072451926726 -227.303069945017 -240.522189736566 -250.37302415679 -223.519408020628 -171.339216848938 -108.814015560135 -49.7760240502925 -33.8920930040619 -24.7535262414495 -9999 -9999 -9999 -9999 -9999 -9999 -9999 -9999 -9999 -9999 -9999 -9999 -9999 -9999 -9999 -9999 -9999 -9999 67.9035059328478 -9999 -9999 -9999 -9999 -1 17.7752366348788 24.1882931084176 -9999 -9999 -9999 -9999 -9999 -9999 -9999 -9999 0 1 19.9438016186189 33 52.1930187511419 84.369572665443 -9999 -9999 -9999 0 21.4429081016142 -1 -6.19463455458257
-33.9322895839467 -74.3210756949056 -113.739016045028 -142.541861754615 -154.576287392892 -161.032352480465 -174.791223899369 -193.10796278749 -199.856176410426 -197.411406692386 -200.682885507876 -210.243295548959 -214.260990210079 -174.20828410156 -115.064625278015 -63.4597339053498 -31.8046933927677 -33.8920930040619 -9999 -9999 -9999 -9999 -9999 -9999 -9999 -9999 -9999 -9999 -9999 -9999 -9999 11.9897077003174 8.28925198931508 2.64045494464569 1.71533927647855 0.35579422112469 72.7834816485201 43.224989792029 5.17628053804441 -9999 -9999 -9999 -0.314667397356352 7.06292251959998 13.0616129022204 -9999 -9999 -9999 -9999 -9999 -9999 -9999 -9999 -9999 -9999 -9999 -9999 -9999 -9999 -9999 -9999 -9999 73 21.4429081016142 -1 0.400936584628671
-93.4006155037348 -170.101238210027 -204.036861274804 -206.381209749552 -186.067352854726 -159.579567276421 -156.878105568069 -168.412649425011 -161.787412105411 -141.661983887479 -142.930694894706 -158.575964454429 -152.031051764412 -95.9848610961699 -42.125747033415 -8.98126988314808 -9999 -9999 -9999 -9999 -9999 -9999 -9999 -9999 -9999 -9999 -9999 -9999 -9999 -9999 -3.19102784018764 -0.363295889582916 1.27715905506335 2.64045494464569 1.71533927647855 0.35579422112469 0 3.64938755838607 6.1961060356284 5.6861932868364 -9999 0.581262966369747 -0.443517172791714 10.1903993930526 14.0084404263399 -9999 -9999 -9999 -9999 -9999 -9999 -9999 -9999 -9999 -9999 -9999 -9999 -9999 -9999 -9999 -9999 -9999 -9999 -9999 -1 0.400936584628671
-151.722681057912 -215.522735303286 -224.977990127711 -214.20818274085 -184.93759304853 -145.817213246337 -125.828182834297 -120.161714863255 -109.700281952007 -92.8424864930033 -96.628121520235 -112.710349712461 -102.636610823952 -43.1723352743904 -1.60212022551948 6.299410135857 -9999 -9999 -9999 -9999 -9999 -9999 -9999 -9999 -9999 -9999 -9999 -1 -1 -3.36257444944847 0.0359498675053876 3.55640323426359 1.27715905506335 2.64045494464569 1.71533927647855 0.35579422112469 30.078376080193 14.576564029636 6.1961060356284 -9999 0.307165728897119 0.344541718436386 -0.408929552855485 0.945427654621739 19.7665169021005 -9999 -9999 -9999 -9999 -9999 -9999 -9999 -9999 -9999 -9999 -9999 -9999 -9999 -9999 -9999 -9999 -9999 -9999 -9999 -9999 -9999
-209.30181063166 -223.048178807312 -217.613688604849 -207.184220536142 -179.155881715128 -142.457770075648 -105.691210438001 -73.9147569985638 -62.9057815235328 -52.4026891000145 -42.1025700784142 -48.4124385483239 -53.2356695419265 -3.76249957844055 23.3567601295304 -9999 -9999 -9999 -9999 -9999 -9999 -9999 -9999 -0.243401547001551 2.7841218725857 1.30829653788292 0.863364875780903 -1.95581383062153 -1.56042516876367 -1.96151167759956 4.79355961123584 -1 -0.361420472468324 -9999 -9999 33.0377618085087 30.078376080193 10.6888243510064 1.40067187912423 7.76330030884594 4.78018946748431 0.344541718436386 3.74455381109909 3.91896978396919 20.1881978556026 -9999 -9999 -9999 -9999 -9999 -9999 -9999 -9999 -9999 -9999 -9999 -9999 -9999 -9999 -9999 -9999 -9999 -9999 -9999 -9999 -9999
-251.356821530717 -221.481498427635 -201.426034199758 -181.408296316204 -152.133503700541 -117.301804247894 -72.0219558465428 -31.0187134038077 -10.5738203218843 -5.91774440031548 34.3873148166074 16.1965079951721 -20.4148622791712 16.781760069591 -0.814466058407748 -9999 -9999 -9999 -9999 -9999 -9999 2.76410012145573 1 4.97654906763226 2.7841218725857 1.30829653788292 0.152216519587777 -2.55627586891299 -1.91249586324907 -2.56555322133517 -1.90321851082546 -1 -0.361420472468324 0 8.64032204576557 8.13163757819626 6.64264190459937 13.312878273505 4.34076715806539 14.293394669344 19.6889817126611 -0.422424806813556 6.71879143003723 14.7576747813311 -9999 -9999 -9999 -9999 -9999 -9999 -9999 -9999 -9999 -9999 -9999 -9999 -9999 -9999 -9999 -9999 -9999 -9999 -9999 -9999 -9999 -9999
-263.923552897758 -228.295527625243 -190.783893939201 -139.992880041097 -105.94796062805 -73.7164215750086 -34.761681869205 -7.16611800667275 28.8977672887082 -9999 142 64.5301181616769 2.38614873385197 -1.17025763628611 -0.814466058407748 0.426789746335567 -7.11313820741166 -5.16719449683841 10.2142245717969 11.8580089495749 4.34853175239648 2.76410012145573 -1.09912678192588 7.15208994801194 4.30009052805288 -1.05639516910931 -1 -1.48262698361026 -1.28298011607951 -1.72825606692282 -1.17668329505228 0.360285026337163 0.331644512703436 0 0 5.15364623100248 5.24335832340319 33.2169732420145 11.387423108264 7.85566796056675 13.6526564522172 1.54192438724846 2.41785686184144 8.18377984789059 9.63161471243758 -9999 -9999 -9999 -9999 -9999 -9999 -9999 -9999 -9999 -9999 -9999 -9999 -9999 -9999 -9999 -9999 -9999 -9999 -9999 -9999 -9999
-262.070213640498 -224.030903211656 -178.971081964112 -118.583008472431 -84.233373958587 -47.6363529915534 -25.3931425772047 -9999 -9999 -9999 63.2634922931043 43.8433444711731 15.6848954916117 -4.3682241010133 -6.04844842636143 -4.19798904108059 -7.11313820741166 -5.16719449683841 10.2142245717969 11.8580089495749 4.34853175239648 1.31342258850414 -1.06092349539958 -0.700809957896407 -1.30380058079604 -1.46039620796961 -1 -1.77341786615689 -1.45348039992679 -2.16704260727805 -1.03847609854434 2.79220108031147 1.58497270107408 0 0 3.66399162056576 5.24335832340319 31.9306813048811 11.2979715543924 16.1584548492344 7.57922742461719 5 3.68533260264365 1.68158176841353 26.1212122504961 -9999 -9999 -9999 -9999 5.64769190759479 -9999 -9999 -9999 -9999 -9999 -9999 -9999 -9999 -9999 -9999 -9999 -9999 -9999 -9999 -9999 -9999
-254.861419585294 -204.604046211368 -163.553810896258 -127.892944291383 -98.2140766791727 -50.8038678438926 23.1779299183408 -9999 -9999 -9999 145 82.6836401150354 12.8851674159751 -16.9411306073779 -26.0320618755079 -23.3307667534062 -20.8436621852535 -15.9389804873337 -1.76947547100001 6.92746177108606 2.69391872912907 -0.852042078700409 -3.16037825023061 -2.31854789835367 -3.65644089770228 -2.5955799505716 -1 -2.46204115572867 -1.8572429433312 -1.73537837564568 2.40664654240973 3.53308223019673 0.719985586032344 -2.12349291562663 -1.35688583222047 0.901137908277278 1.53989597515877 19.1347910785253 5.98107759398792 -1 16.5961010780178 -9999 -9999 1.85257489674837 25.8587061908886 -9999 -9999 -9999 22.2024844624152 5.64769190759479 4 -9999 -9999 -9999 -9999 -9999 -9999 -9999 -9999 -9999 -9999 -9999 -9999 -9999 -9999 -9999
-247.47515463469 -195.011423597475 -159.456793415254 -139.539375103791 -116.136322600439 -77.4106505936471 -6.3789781420402 25.1682763097507 36.8598394096061 128.162713654015 145 74.8940951294149 1.34875753900735 -48.304218683111 -76.444586845491 -70.997068700171 -56.1732420025945 -38.2240823688588 -22.3115867096318 -8.53041508863082 -1.15177643352857 0.584423271286579 -10.4215898884966 -7.20177406580625 -5.19003307848272 -3.51672558498913 -1 -3.30609339357219 -2.35213860468736 -2.1599202985549 3.75980409681029 2.10687486521292 -1 -3.73855750488321 -2.52937982641526 -0.212972597424884 -0.567616736489846 8.10351274318283 3.91970991681214 34.1922021560355 40.5192766260423 -9999 4.57286605401283 0.912126850724521 -9999 -9999 7.01431088203365 1.84150961062524 22.2024844624152 9.62311806911696 4 -9999 -9999 -9999 -9999 -9999 -9999 -9999 -9999 -9999 -9999 -9999 -9999 -9999 -9999 -9999
-244.712705583126 -200.040032339989 -168.747798755891 -152.915106764733 -127.893623883166 -92.3133064133222 -47.0773772168646 -18.4283585336579 36.8598394096061 128.162713654015 140.717904555532 51.5497886388601 -33.3519527776357 -109.834097188159 -157.44184518495 -142.264776675738 -99.2371087285845 -63.987709041181 -39.0650574078381 -15.4863335131571 -1.12062148369908 -3.04657257874004 -31.2258442519289 -18.2489700322106 -1.24383355807644 -1.14645759176491 -1 -1 -1 -1.74250068436825 -1.42837276515583 -2.49380137684837 -1.8479455221998 -2.25216782079823 -1.69928792840771 -1.75570069653487 -1.41517275298869 -1.50673380039387 -1.2738484992893 27.3116958142207 40.5192766260423 -9999 4 -9999 -9999 -9999 7.01431088203365 1.84150961062524 14.386089838274 17.311011063023 -9999 -9999 -9999 -9999 -9999 -9999 -9999 -9999 -9999 -9999 -9999 -9999 -9999 -9999 -9999 -9999
-246.666860200943 -212.136247894651 -184.003828554822 -165.641859485825 -131.077750477446 -85.0428724239781 -57.1108420515788 -41.0403679627312 0.95080027608509 60.670001717031 65.6424384423504 -19.5083897876624 -104.153838386417 -168.297317657447 -203.542183935663 -178.805223400167 -126.898328418282 -88.4171399278217 -61.9909252360071 -30.1344159427629 -7.13050745031417 -9.08312355226741 -33.3164959085658 -17.7655813426448 -1.13357014344868 -1.08022833975566 -1 -1 -0.752049571622367 -2.00858536837006 -1.66508660930182 -3.31925877065752 -2.31651042761173 -2.94410130137147 -2.08570636385157 -2.17329217631884 -1.64459242281497 -1.78674904787653 -1.42517401821392 19.1566589936585 30.6289869050075 35.5741317655249 -9999 -9999 -9999 3.86474757379091 0.71518426554817 -0.476202800459727 -3.02949374506693 8.72707197553907 -9999 -9999 -9999 -9999 -9999 -9999 -9999 -9999 -9999 -9999 -9999 -9999 -9999 -9999 -9999 -9999
