bathy.asc
NCOLS 562 
NROWS 334 
XLLCORNER -139.998111854 
YLLCORNER 53.993344118 
CELLSIZE 0.018 
NODATA_value -9999 
[rows 232 to 260 of 334, columns 264 to 329 of 562]
-481.805902520545 -401.992374334903 -305.030084821359 -226.390293919036 -201.984034000272 -189.43293984505 -184.81774050656 -183.651450608423 -185.259398045788 -187.617944796702 -190.449766213177 -194.202101488297 -196.555714192996 -196.436437172652 -193.6605018502 -189.374951101368 -185.921984855604 -185.294545144499 -186.968048928767 -190.059646378181 -193.655135018055 -196.463447823221 -196.97699703199 -195.491474607746 -193.592486171595 -192.591502092602 -192.288803647434 -191.984796674054 -190.761697563519 -189.56241721019 -188.252349588246 -185.551000530429 -177.917267394145 -161.076139245574 -138.799739135762 -120.136727088467 -112.255358731825 -107.516956715367 -104.795012208106 -108.470000642991 -114.26022156245 -115.94459166191 -113.222613015832 -109.285508360682 -103.298013896074 -94.1422552805123 -83.0361639545466 -68.9853344444058 -45.3983368498811 -25.5629568396453 -12.624778842648 9.65978212919708 20.2088352289897 2.56432210769514 -13.2782621932807 -20.6966760934809 -31.7636629616675 -45.7817122636742 -66.6051544133906 -103.110761864944 -146.771404972315 -178.484045677107 -192.729655070287 -202.049685233446 -217.926855501185 -240.11833961583
-578.031185386221 -521.283932195304 -430.491482930567 -336.474890760996 -287.978495704609 -251.608327959849 -226.061206922804 -207.978548043978 -197.637826689986 -193.344110356322 -194.01304040913 -196.375772775614 -197.477293655673 -197.231724619534 -194.76271061502 -190.20229939238 -186.3291958223 -185.78272735026 -188.725483418693 -194.119695028713 -199.037452388814 -202.263695412987 -202.584566494171 -200.179865413956 -197.871812451237 -196.671531805171 -195.877822268129 -194.880700866075 -194.898473584535 -195.885286932462 -194.939836508114 -191.398628626252 -185.437815718364 -178.40576437085 -171.879035637612 -165.338634488569 -161.045613944708 -155.786884733367 -149.653076722513 -145.65673355394 -143.025438713839 -139.098245660577 -132.358579271166 -124.10635061961 -115.523498114292 -107.729142809451 -104.965812817632 -103.675463011197 -83.3012614355509 -64.7200250829765 -54.3321620072798 -49.3557103198835 -43.8442706461716 -42.4010339419382 -49.3113671881802 -56.6591875932481 -69.3747368448557 -83.1286133733191 -95.7003048913511 -109.594887995256 -123.708925202677 -142.379447796744 -162.12188771071 -174.129517829092 -182.840377338495 -193.491920885303
-673.852602729882 -656.694108663251 -582.875732315212 -490.036368244368 -423.596266624734 -361.212653408934 -305.064150745882 -258.698739658464 -224.200674696405 -205.480699271513 -200.521557635092 -200.058287844697 -200.303173012089 -199.131538876188 -196.271400498206 -191.007595321254 -187.207697379767 -187.576442769611 -191.234253998549 -197.735428651339 -203.275172820143 -206.091001362822 -206.899328237042 -205.99964125204 -204.195981135718 -202.693904379653 -200.68492997198 -198.386153678797 -198.608705269438 -200.918711998988 -202.399245711886 -200.951227600686 -198.051912981336 -195.550418775707 -193.147394386104 -189.390489516475 -183.646808114314 -179.85365721647 -178.238985147502 -175.375319726738 -171.460144796943 -163.946684630456 -153.754051927635 -143.609194909305 -135.227926463703 -129.477558644615 -126.310967953522 -123.191260016626 -117.690852624987 -114.010392598734 -109.747032278914 -111.391160788453 -108.977826682135 -105.297265389147 -99.5949307608748 -98.6443327166889 -110.582145501979 -120.220493478787 -122.705262181433 -115.450521772946 -106.745944488141 -111.590080601796 -126.051660286651 -131.808517600882 -125.879349212116 -118.949923501998
-9999 -710.016757640528 -658.644789410538 -588.116869938773 -517.136616600626 -445.213942779483 -376.33717758923 -316.170979989615 -268.523306105672 -238.07718471623 -222.876323553634 -214.945577316701 -209.427487805991 -204.20680666508 -199.292206381771 -194.290007475193 -190.24379001329 -188.702882694531 -190.162553766201 -194.348593606109 -199.65659360262 -204.474513175725 -207.294264585578 -207.701446004574 -206.600924416161 -205.098257973003 -203.091375092337 -201.295378227195 -202.018527646897 -203.811806666131 -204.911452733532 -204.579925016253 -202.977326671774 -200.65117246414 -197.645546212796 -194.015824038809 -190.121924391217 -187.773815507492 -187.203212558356 -186.781504626266 -184.497330815977 -175.467197446091 -165.376476528097 -158.779318308075 -152.798123234048 -147.727205641572 -143.01011766078 -137.874769085611 -132.572763687232 -127.360706890434 -126.10022828567 -127.332950423597 -126.055802699904 -120.368212208272 -108.570651162423 -107.133688794186 -118.143098421067 -127.871332942315 -128.94896118657 -117.476993296524 -102.1703453115 -102.231507687513 -112.85184978925 -112.125505775485 -97.271381310608 -86.3100274666849
-9999 -9999 -9999 -660.593344230286 -604.682279009826 -526.612508005558 -449.956986376799 -381.084808917873 -324.129307750096 -282.728136091613 -255.647062351716 -236.945988173568 -222.427577314519 -210.437829464548 -201.144234522538 -195.069498832814 -191.244031747112 -188.624381530522 -188.378284453151 -190.76256170047 -195.344674007612 -201.157132322274 -205.379807969071 -207.193775163688 -207.097924351967 -205.7961867933 -203.790334635684 -202.092298100623 -202.91554875349 -204.195446026034 -204.500913067428 -204.692919577176 -204.290014011685 -202.657815188538 -200.055220361323 -197.452625534108 -195.060141452113 -194.222250117282 -195.048520780436 -196.360796857277 -196.2858678404 -188.298315330637 -178.95629056505 -173.863921836331 -168.94534280105 -164.475148135937 -160.03849614238 -155.236337912087 -149.670207019012 -142.482844965085 -139.838893256561 -138.770530680838 -135.355584988087 -128.177152866103 -114.958589639808 -112.824787006387 -123.672849508026 -135.964859780632 -140.562307996049 -129.529675598083 -110.218881216134 -106.535417500754 -114.791615389726 -112.040901281927 -96.7658079158858 -89.4495543462128
-9999 -9999 -9999 -9999 -666.632986243295 -600.130462592082 -519.062932385129 -444.735557637519 -382.402658753027 -332.052348174036 -292.92367205151 -262.288407953279 -236.874221815549 -216.498386620494 -201.429935877949 -192.972268898012 -190.018119339122 -188.430810921677 -187.695251458082 -188.782638092166 -192.151703525129 -197.258404836013 -201.97221301656 -205.388778555654 -206.096048934779 -204.891420732863 -202.681046705819 -200.686270279262 -201.001269202864 -201.787542787484 -201.787542787484 -202.507769879152 -203.399753656807 -203.188942024125 -201.980773517774 -200.381933042052 -199.094305950262 -199.352636937057 -201.811531713987 -204.907502551571 -207.405390867768 -202.925027638595 -194.64531103939 -188.229148178193 -182.35029232034 -177.693099168234 -174.882664814899 -173.530625199452 -171.239747662525 -167.850012010981 -163.783782225955 -158.830539214965 -151.951375450208 -143.287071458734 -131.15855911831 -126.792104392662 -134.052935725317 -148.006024451081 -159.662545052257 -152.277179767109 -133.662882728576 -126.607996747821 -130.612422043421 -131.28705588008 -127.547294869507 -127.990893253915
-9999 -9999 -9999 -9999 -9999 -641.010078186692 -566.969093676796 -499.053387527045 -430.594173110691 -372.792357862528 -324.576192742124 -284.129686856213 -249.94516680303 -223.122835045487 -203.619154312049 -193.496352739635 -191.218083464082 -190.442343842377 -189.624111285443 -190.114532860919 -192.393412980443 -196.287650018832 -200.483448518634 -203.885571220503 -204.688145696229 -203.18459620095 -200.677295871442 -198.477302868844 -198.701172960557 -199.80071169773 -200.207500990616 -201.223618520924 -202.9328498653 -204.538518462994 -205.12062438532 -204.509710857493 -203.295765620611 -203.459638161231 -206.108708703882 -209.923775313798 -213.716161276389 -212.663722047126 -206.94660668493 -200.747057350898 -194.86665342824 -190.340555059356 -188.464704964032 -189.143782180517 -189.769940140668 -189.581643309326 -186.101989441811 -179.455456322489 -170.78539738191 -161.320828968135 -151.329854799428 -147.219520981094 -151.208753273136 -162.657692646813 -175.296786096327 -171.71746174935 -157.251281775518 -151.300833663135 -155.090438776371 -159.480755395917 -164.132990013676 -171.698832658981
-9999 -9999 -9999 -9999 -9999 -9999 -9999 -526.566674392008 -452.993728843826 -391.586625357547 -339.26994457067 -294.032433980548 -256.249309362786 -227.411682413506 -207.51153384929 -197.610982607175 -195.24966984855 -194.751360022963 -194.646698991474 -195.345744245323 -196.930594572407 -199.320458895544 -202.11975643466 -204.221250434567 -204.31600781605 -202.403189358412 -199.489351514163 -196.989150175213 -197.728830435847 -199.917078985172 -200.918954402287 -201.711605405934 -203.754395396083 -206.652012459608 -208.96891744813 -209.094519206784 -207.179102382798 -206.534074453433 -208.179390644591 -211.304278586441 -214.589416004652 -216.33581645046 -214.616749976619 -210.833377572838 -206.611666635539 -202.869388362674 -200.283780053908 -199.363230697277 -200.214457324714 -201.847995179425 -200.599609213941 -195.490842776111 -187.412831113585 -178.582985092265 -173.412541239657 -171.969996821119 -173.675341243436 -178.151224523032 -181.465716968665 -181.137521130069 -177.615505373283 -175.798142084449 -178.363315677869 -183.362000289772 -191.263845947734 -200.403463832085
-9999 -9999 -9999 -9999 -9999 -9999 -9999 -9999 -9999 -9999 -9999 -9999 -9999 -9999 -209.265377141361 -200.551240278947 -198.515204675868 -198 -198.488546158361 -199.490421575476 -200.492296992591 -201.988344819411 -205.911032162056 -208.868450590168 -208.163845105654 -205.657550951142 -202.357802104331 -199.85760076538 -200.274009366955 -201.522342310619 -201.292576242806 -201.390629053318 -203.227519594733 -206.320696278028 -209.632383479062 -210.439381794347 -208.973671800041 -208.624576055957 -210.087232218908 -213.029460132549 -216.228530627604 -219.016285455113 -219.599503488468 -218.197438541879 -215.749797804154 -212.439736537082 -208.482505286523 -205.470773761223 -205.505481001388 -207.869388233959 -208.806580886076 -206.383166767342 -200.622514794444 -194.129102707041 -192.440718840198 -192.817373750965 -192.657472475732 -192.506733662033 -191.329242068377 -192.586507001946 -194.611625908104 -195.068943158002 -195.689823131171 -197.319036323888 -201.282750541239 -206.1602700116
-9999 -9999 -9999 -9999 -9999 -9999 -9999 -9999 -9999 -9999 -9999 -9999 -9999 -9999 -9999 -200.551240278947 -198.515204675868 -198 -198.488546158361 -199.490421575476 -200.492296992591 -201.988344819411 -205.911032162056 -213 -212.000402677901 -209.494977765508 -206.489351514163 -203.989150175213 -203.507300329508 -202.981648506755 -200.977897672525 -201.357519845333 -203.464299948427 -206.210379188638 -208.760071319617 -210.268599706906 -211.058270364634 -212.229790812221 -214.654843607601 -218.645271684172 -222.705956733919 -223.866690950923 -223.866256861858 -223.522838778405 -222.204840974286 -219.313194755732 -214.541906587175 -209.758968543723 -208.816662235078 -210.836579094839 -212.597684406782 -212.360681150486 -209.567146993676 -206.121101129355 -204.80313813628 -204.192547899384 -203.317253176452 -202.265362022247 -202.806580989953 -204.702906548296 -206.838088777749 -206.140844371545 -202.740854994949 -198.143987556167 -193.51720848862 -191.394020898995
-9999 -9999 -9999 -9999 -9999 -9999 -9999 -9999 -9999 -9999 -9999 -9999 -9999 -9999 -9999 -9999 -9999 -9999 -9999 -9999 -9999 -9999 -9999 -9999 -212.000402677901 -209.494977765508 -206.489351514163 -203.989150175213 -203.507300329508 -202.981648506755 -200.977897672525 -205 -205.514801997967 -208.583387075405 -210.481447167804 -212.081712997242 -214 -216.096716334161 -219.052109001308 -223.695509424384 -232.094858084571 -234.050017493296 -231.219762977923 -229.743500323121 -227.690822554081 -224.497388278633 -219.855257678418 -214.897134148512 -213.905602521919 -215.441390519723 -215.857597778735 -214.593760837759 -212.481849829368 -210.478098995138 -207.880670865601 -204.383566816017 -201.53427020645 -199.500741776836 -200.509731422865 -202.671474854162 -204.443326298596 -202.43914654429 -196.311896037505 -187.654128872954 -177.635374701807 -170.461062684534
-9999 -9999 -9999 -9999 -9999 -9999 -9999 -9999 -9999 -9999 -9999 -9999 -9999 -9999 -9999 -9999 -9999 -9999 -9999 -9999 -9999 -9999 -9999 -9999 -9999 -9999 -9999 -9999 -9999 -9999 -9999 -205 -205.514801997967 -208.583387075405 -210.481447167804 -212.081712997242 -214 -216.096716334161 -219.052109001308 -223.695509424384 -246 -245.018543423002 -240.911615141727 -235.803467052501 -230.788781937565 -226.236439526953 -222.195605661545 -219.66807611301 -219.564707197905 -220.831684410084 -218.648695246614 -213.052837019915 -208.944085024262 -206.56838922682 -201.647422072708 -194.945554267296 -188.222527976213 -183.983931909558 -182.500335751497 -183.491711176878 -184.946526109093 -182.922716032929 -177.342625320128 -169.192291962602 -160.244686836379 -151.90918556653
-9999 -9999 -9999 -9999 -9999 -9999 -9999 -9999 -9999 -9999 -9999 -9999 -9999 -9999 -9999 -9999 -9999 -9999 -9999 -9999 -9999 -9999 -9999 -9999 -9999 -9999 -9999 -9999 -9999 -9999 -9999 -9999 -9999 -9999 -9999 -9999 -9999 -9999 -9999 -9999 -246 -250 -243.639497038298 -233.972747946998 -226.111460403832 -219.892408307728 -215.487051524807 -214.208111561575 -214.96813307196 -216.341886695807 -213.30209160857 -206.048528047617 -200.157018918028 -196.421762966005 -190.385558274034 -182.344679010764 -173.861713092219 -167.766297458147 -163.668660399334 -160.748155306975 -158.564899200358 -155.442345298009 -151.520136001928 -146.345294606968 -140.275843709611 -134.244075951205
-9999 -9999 -9999 -9999 -9999 -9999 -9999 -9999 -9999 -9999 -9999 -9999 -9999 -9999 -9999 -9999 -9999 -9999 -9999 -9999 -9999 -9999 -9999 -9999 -9999 -9999 -9999 -9999 -9999 -9999 -9999 -9999 -9999 -9999 -9999 -9999 -9999 -9999 -9999 -9999 -9999 -223.801944669342 -227.603889338683 -222.553074530526 -213.639423163526 -206.131541265907 -201.316277861258 -199.22152525225 -199.685084370237 -200.801056414179 -199.281214194296 -194.898239519414 -189.306928850259 -183.894829127205 -177.568638430259 -170.71759302615 -163.564594931163 -156.622039260306 -150.75440776703 -143.009178861444 -133.805920832492 -129.187010424663 -127.143056600976 -125.03767430452 -121.660368557448 -118.707761319669
-9999 -9999 -9999 -9999 -9999 -9999 -9999 -9999 -9999 -9999 -9999 -9999 -9999 -9999 -9999 -9999 -9999 -9999 -9999 -9999 -9999 -9999 -9999 -9999 -9999 -9999 -9999 -9999 -9999 -9999 -9999 -9999 -9999 -9999 -9999 -9999 -9999 -9999 -9999 -9999 -9999 -9999 -220 -210.95418521405 -200.249306713559 -195.065317242932 -191.882593056614 -189.900571933156 -189.645008446237 -189.769191275603 -188.62299343092 -185.99585803291 -181.089243937996 -174.594512745164 -166.264493354269 -157.818309467248 -150.031358481754 -143.120540657411 -137.040062082652 -129.689480144471 -122.02169837384 -118.797468174427 -118.263303471752 -116.01741361555 -111.795677116373 -108.037273062337
-9999 -9999 -9999 -9999 -9999 -9999 -9999 -9999 -9999 -9999 -9999 -9999 -9999 -9999 -9999 -9999 -9999 -9999 -9999 -9999 -9999 -9999 -9999 -9999 -9999 -9999 -9999 -9999 -9999 -9999 -9999 -9999 -9999 -9999 -9999 -9999 -9999 -9999 -9999 -9999 -9999 -9999 -192.811917381402 -193.623834762805 -192.573820591946 -191.26593479479 -190.458942162428 -190 -188.679979486401 -186.568016742568 -184.085601753736 -181.164845328154 -176.252870412815 -169.429073394149 -157.582869543401 -145.50929158273 -137.134497004722 -131.397925754812 -126.910719663176 -123.475809073461 -122.030537514171 -120.59290208324 -119.094810097091 -114.275528026824 -107.347668704089 -101.311571000037
-9999 -9999 -9999 -9999 -9999 -9999 -9999 -9999 -9999 -9999 -9999 -9999 -9999 -9999 -9999 -9999 -9999 -9999 -9999 -9999 -9999 -9999 -9999 -9999 -9999 -9999 -9999 -9999 -9999 -9999 -9999 -9999 -9999 -9999 -9999 -9999 -9999 -9999 -9999 -9999 -9999 -9999 -9999 -192 -191.462692996657 -191 -190.688773789134 -189.963525452996 -187.940791991352 -184.470722626075 -181.079975502169 -177.290099483875 -171.987009985457 -165.186163594748 -151.394579344841 -139.037036149421 -133.230612164179 -129.942563144663 -128.027485514403 -124.61727923489 -119.668353802284 -115.829367295914 -111.83233016554 -105.74160056788 -98.7284726480774 -95.1601919783406
-9999 -9999 -9999 -9999 -9999 -9999 -9999 -9999 -9999 -9999 -9999 -9999 -9999 -9999 -9999 -9999 -9999 -9999 -9999 -9999 -9999 -9999 -9999 -9999 -9999 -9999 -9999 -9999 -9999 -9999 -9999 -9999 -9999 -9999 -9999 -9999 -9999 -9999 -9999 -9999 -9999 -9999 -9999 -9999 -191 -191 -191 -190.145779987114 -187.792231395037 -183.693236965863 -179.546931914038 -175.012978245359 -168.788185948949 -161.286541709703 -146.836051899681 -134.084922285432 -128.948428979695 -127.118016214128 -126.866712947816 -122.908645127387 -115.328203530407 -109.104259080615 -103.587011058513 -97.49171675978 -91.8240024357655 -91.3034148778116
-9999 -9999 -9999 -9999 -9999 -9999 -9999 -9999 -9999 -9999 -9999 -9999 -9999 -9999 -9999 -9999 -9999 -9999 -9999 -9999 -9999 -9999 -9999 -9999 -9999 -9999 -9999 -9999 -9999 -9999 -9999 -9999 -9999 -9999 -9999 -9999 -9999 -9999 -9999 -9999 -9999 -9999 -9999 -9999 -191 -191 -191 -190.689731468157 -188.794106812225 -184.929384461492 -180.427751874896 -174.890043854725 -166.87146794242 -157.805941878864 -143.768754481473 -129.736595611766 -121.561533056585 -117.894800065164 -118.109495472525 -114.899538248068 -108.29154678801 -102.888351449342 -98.1651084629305 -93.2782347021503 -89.9111427987002 -91.2243341347012
-9999 -9999 -9999 -9999 -9999 -9999 -9999 -9999 -9999 -9999 -9999 -9999 -9999 -9999 -9999 -9999 -9999 -9999 -9999 -9999 -9999 -9999 -9999 -9999 -9999 -9999 -9999 -9999 -9999 -9999 -9999 -9999 -9999 -9999 -9999 -9999 -9999 -9999 -9999 -9999 -9999 -9999 -9999 -9999 -191 -191 -190.534248491576 -190.139183510372 -188.739247639161 -185.853450077882 -181.68761071467 -175.340452053654 -164.973710560584 -152.305352732219 -137.003544271443 -122.012333616219 -110.022462708105 -101.416188985131 -98.6022111392027 -97.8630773481642 -97.6693382092193 -97.2595097195933 -95.2413726053726 -91.767680005809 -89.6725899183722 -92.8102869765522
-9999 -9999 -9999 -9999 -9999 -9999 -9999 -9999 -9999 -9999 -9999 -9999 -9999 -9999 -9999 -9999 -9999 -9999 -9999 -9999 -9999 -9999 -9999 -9999 -9999 -9999 -9999 -9999 -9999 -9999 -9999 -9999 -9999 -9999 -9999 -9999 -9999 -9999 -9999 -9999 -9999 -9999 -9999 -9999 -9999 -191 -188.07327691081 -188.135432675995 -187.281327220131 -185.474348160168 -182.536318744131 -176.699031963127 -164.295931672785 -146.695635190265 -129.118325369615 -114.932347069131 -100.762357875315 -87.0076659449731 -76.1795400605467 -78.4922590403555 -89.4748499152033 -95.061291386395 -94.7224383011956 -92.6410926792621 -91.4806513654245 -95.8322743147832
-9999 -9999 -9999 -9999 -9999 -9999 -9999 -9999 -9999 -9999 -9999 -9999 -9999 -9999 -9999 -9999 -9999 -9999 -9999 -9999 -9999 -9999 -9999 -9999 -9999 -9999 -9999 -9999 -9999 -9999 -9999 -9999 -9999 -9999 -9999 -9999 -9999 -9999 -9999 -9999 -9999 -9999 -9999 -9999 -9999 -187.536638455405 -187 -186.764280598083 -186.021032249008 -184.709820603631 -183.141043077962 -179.05906725596 -168.039424954206 -151.555551910926 -134.376587936552 -121.0514759963 -107.276278054252 -92.4236143623264 -79.6048957380958 -81.3882242395684 -93.1078291298311 -99.1207617694706 -99.1449173739619 -98.1490797768112 -98.0813002705875 -102.148248162376
-9999 -9999 -9999 -9999 -9999 -9999 -9999 -9999 -9999 -9999 -9999 -9999 -9999 -9999 -9999 -9999 -9999 -9999 -9999 -9999 -9999 -9999 -9999 -9999 -9999 -9999 -9999 -9999 -9999 -9999 -9999 -9999 -9999 -9999 -9999 -9999 -9999 -9999 -9999 -9999 -9999 -9999 -9999 -9999 -9999 -9999 -187 -186 -185.4551913282 -184.453315911085 -183.690631361917 -181.643894338674 -175.790543266481 -167.756981836641 -154.076485817064 -140.449427500727 -129.90010672573 -119.075531062967 -112.164328362745 -109.004874091058 -108.831061137393 -108.868776139624 -107.540276625767 -107.174132040611 -109.011254294563 -111.281891676049
-9999 -9999 -9999 -9999 -9999 -9999 -9999 -9999 -9999 -9999 -9999 -9999 -9999 -9999 -9999 -9999 -9999 -9999 -9999 -9999 -9999 -9999 -9999 -9999 -9999 -9999 -9999 -9999 -9999 -9999 -9999 -9999 -9999 -9999 -9999 -9999 -9999 -9999 -9999 -9999 -9999 -9999 -9999 -9999 -9999 -9999 -9999 -186 -186.170922683339 -186.006444033918 -185.751639654276 -185.201204731132 -183.26798481334 -180.402812122863 -171.316862334701 -160.040024803157 -152.333021784438 -144.881218682386 -140.086339578584 -133.406139968476 -125.743574775044 -120.479655491494 -117.23697011288 -116.450246915053 -117.79567133779 -117.669871687383
-9999 -9999 -9999 -9999 -9999 -9999 -9999 -9999 -9999 -9999 -9999 -9999 -9999 -9999 -9999 -9999 -9999 -9999 -9999 -9999 -9999 -9999 -9999 -9999 -9999 -9999 -9999 -9999 -9999 -9999 -9999 -9999 -9999 -9999 -9999 -9999 -9999 -9999 -9999 -9999 -9999 -9999 -9999 -9999 -9999 -9999 -9999 -9999 -188 -188.961694571454 -189.759141323032 -189.208706399888 -188.206830982773 -185.852861284304 -180.226029532657 -172.985319900964 -165.986372367204 -159.273277886352 -152.588652407694 -145.295782000669 -137.669054792572 -131.23303975593 -127.193218025463 -125.133157472333 -123.507101218445 -120.775448896942
-9999 -9999 -9999 -9999 -9999 -9999 -9999 -9999 -9999 -9999 -9999 -9999 -9999 -9999 -9999 -9999 -9999 -9999 -9999 -9999 -9999 -9999 -9999 -9999 -9999 -9999 -9999 -9999 -9999 -9999 -9999 -9999 -9999 -9999 -9999 -9999 -9999 -9999 -9999 -9999 -9999 -9999 -9999 -9999 -9999 -9999 -9999 -9999 -9999 -193.40432057743 -193.082705042114 -192.819097572453 -192.214332651528 -190.284186250602 -186.621790143446 -181.055926245714 -173.977054660477 -167.527915221295 -160.7662704093 -154.023977919099 -147.695971922215 -142.012322755959 -137.574010181793 -134.206298215656 -130.929558724466 -127.109844428469
-9999 -9999 -9999 -9999 -9999 -9999 -9999 -9999 -9999 -9999 -9999 -9999 -9999 -9999 -9999 -9999 -9999 -9999 -9999 -9999 -9999 -9999 -9999 -9999 -9999 -9999 -9999 -9999 -9999 -9999 -9999 -9999 -9999 -9999 -9999 -9999 -9999 -9999 -9999 -9999 -9999 -9999 -9999 -9999 -9999 -9999 -9999 -9999 -9999 -195 -194.208134514319 -194.351036552976 -194.447689659742 -194.183218519421 -191.303669382053 -184.981516189056 -178.216685140795 -173.020428739964 -168.83614577669 -163.59919592585 -157.839567555964 -152.33696023178 -147.707567440598 -144.208304929636 -141.664354567712 -138.459207095761
-9999 -9999 -9999 -9999 -9999 -9999 -9999 -9999 -9999 -9999 -9999 -9999 -9999 -9999 -9999 -9999 -9999 -9999 -9999 -9999 -9999 -9999 -9999 -9999 -9999 -9999 -9999 -9999 -9999 -9999 -9999 -9999 -9999 -9999 -9999 -9999 -9999 -9999 -9999 -9999 -9999 -9999 -9999 -9999 -9999 -9999 -9999 -9999 -9999 -9999 -191.589834986305 -191.293614558811 -191.423007109178 -192.634472848032 -190.486515634322 -185.555354629999 -181.083926540449 -177.792177719237 -175.545343808052 -172.28725093406 -168.122923602612 -163.183327837275 -158.506092524595 -157.175635194008 -157.912122369099 -155.423973852164
-9999 -9999 -9999 -9999 -9999 -9999 -9999 -9999 -9999 -9999 -9999 -9999 -9999 -9999 -9999 -9999 -9999 -9999 -9999 -9999 -9999 -9999 -9999 -9999 -9999 -9999 -9999 -9999 -9999 -9999 -9999 -9999 -9999 -9999 -9999 -9999 -9999 -9999 -9999 -9999 -9999 -9999 -9999 -9999 -9999 -9999 -9999 -9999 -9999 -9999 -190 -194.199522322627 -199.533434243006 -201.383054659635 -197.91290368369 -192.582077887174 -188.087301173239 -184.399737177224 -181.49973464458 -179.105558477442 -176.280741933589 -172.197793408738 -168.463036415614 -168.653962966084 -170.99937917251 -168.692375703446
