BPI.asc
NCOLS 562 
NROWS 334 
XLLCORNER -139.998111854 
YLLCORNER 53.993344118 
CELLSIZE 0.018 
NODATA_value -9999 
[rows 203 to 231 of 334, columns 390 to 454 of 562]
-9999 -9999 -9999 -9999 -9999 -9999 -9999 -9999 -9999 -9999 -9999 -9999 -9999 -9999 -9999 -9999 26 1.69433458161954 -11.5347620525359 -47.8885421227433 -84.9204206285596 -99.924408541515 10.3934194587544 8.19776196347895 -32.892467943686 -50.1177429806813 -53 -62.642457094866 -48.1535307371751 -9999 -9 -11.2476874118852 -9.73078946480279 -21.7157485985326 -44.0905873164787 -9999 -9999 -9999 -9999 -9999 -9999 -9999 -9999 -9999 -9999 -15 -15 -9999 -9999 -9999 -9999 -9999 -9999 -84 -77.1384377013877 -75.4671581441148 -77.6037551982708 -9999 -9999 -9999 -9999 -9999 -9999 -9999 -9999
-9999 -9999 -9999 -9999 -9999 -9999 -9999 -9999 -9999 -9999 -9999 -9999 -9999 -9999 -9999 -9999 -9999 28 -4.16085216604533 -50.5445583493823 -69.5477095039883 -55.5187902611364 9.2980485670976 -2.44235664203496 37.4030000202866 -9999 -9999 -9999 -9999 -9999 -9999 -9999 -7 -13.7768197437222 -36.2395326493951 -40.3058203568248 -9999 -9999 -9999 -9999 -9999 -9999 -9999 -9999 -9999 -9999 -9999 -9999 -9999 -9999 -9999 -9999 -9999 -9999 -79.0001234149206 -79.7403522524268 -88.8471190181647 -9999 -9999 -9999 -9999 -9999 -9999 -9999 -9999
-12.3563517303376 -9999 -9999 -9999 -9999 -9999 -9999 -9999 -9999 -9999 -9999 -9999 -9999 -9999 -9999 -9999 -9999 -9999 -28.2885854487934 -62.1185372970874 -60.8729787165464 -22.6366303841186 8.17458874726096 3.98661299433342 41.2216681795637 -9999 -9999 -9999 -9999 -9999 -9999 -9999 -22.6821144436173 -19.4437584647699 -26.5723945644192 -9999 -9999 -9999 -9999 -9999 -9999 -9999 -9999 -9999 -9999 -9999 -9999 -9999 -9999 -9999 -9999 -9999 -9999 -9999 -39.949331587166 -97.9538857839026 -103.565117316528 -9999 -9999 -9999 -9999 -9999 -9999 -9999 -9999
-23.7275876272537 -21.7306225561225 -30.4467285185005 -9999 -9999 -9999 -9999 -9999 -9999 -9999 -9999 -9999 -9999 -9999 -9999 -9999 -18.2253965352313 -51.7940904486194 -54.2524337197268 -93.0120536666714 -58.3735684663995 31.5989805845325 64.7744349423656 -9999 -9999 -9999 -9999 -9999 -9999 -9999 -9999 -9999 -34 -25.9204704224647 -22.6887436129161 -9999 -9999 -9999 -9999 -9999 -9999 -9999 -9999 -9999 -9999 -9999 -9999 -9999 -9999 -9999 -9999 -9999 -9999 -9999 33 -77.2179481661839 -103.565117316528 -39.8700808364429 -9999 -9999 -9999 -9999 -9999 -9999 -9999
-45.219820860674 -38.1189313098483 -30.4467285185005 -8.09847625741115 -9999 -9999 -9999 -9999 -9999 -16.4869185878086 -68.8808772953684 -109.486786235069 -133.985520454438 -124.259624156913 48.5743744823577 93.3974080174094 -18.2253965352313 -51.7940904486194 -91.8637304846338 -112.119682707185 -41.6866890992184 64.7280974335807 54.9195343903084 -9999 -9999 -9999 -9999 -9999 -9999 -9999 -9999 -9999 -34 -30.7929957122841 -24.6524994483441 -9999 -9999 -9999 -9999 -9999 -9999 -9999 -9999 -9999 -9999 -9999 -9999 -9999 -9999 -9999 -9999 -9999 -9999 -9999 -9999 -94 23.8249556436421 -33.7788980502526 -9999 -9999 -9999 -9999 -9999 -9999 -9999
72.6020032741571 9.11408361925331 -25.6835081266921 -11.6792446398665 -4.87830533352788 3.72160214642668 10.5117185471441 12.4877243495592 13.7024873014724 -16.4869185878086 -68.8808772953684 -109.486786235069 -133.985520454438 -124.259624156913 48.5743744823577 51.3900660802145 -24.956366204414 -44.9626562790837 -32.0439984881729 -23.8735665206717 22.0049133971729 45.1109713470361 -9999 -9999 -9999 -9999 -9999 -9999 -9999 -9999 -9999 -9999 -15.0919661463152 -42.8162322154658 -31.572745175583 -17.0493473002198 -9999 -9999 -9999 -9999 -9999 -9999 -9999 -9999 -9999 -9999 -9999 -9999 -9999 -9999 -9999 -9999 -9999 -9999 -9999 -9999 54 -33.7788980502526 -41.6024228109915 -23.5686653029164 -29.6433948034277 -17.5011502868061 -9999 -9999 -9999
72.6020032741571 49.6672682934464 6.47985152955883 -9.98890733363261 -6.1112529253486 3.72160214642668 10.5117185471441 12.4877243495592 5.11943593679972 -19.7854670137257 -60.904269778882 -96.2796515826624 -117.762237383057 -109.545118344522 -54.5368171756078 -22.754790995949 -24.956366204414 89 96.2484871480451 97.5465517361621 82.4280090193174 45.1109713470361 -9999 -9999 -9999 -9999 -9999 -9999 -9999 -9999 -9999 -9999 -15.0919661463152 -18.3123811114719 -30.5423335420688 -24.378635625423 -14.9523292926941 -9999 -9999 -9999 -9999 -9999 -9999 -9999 -9999 -9999 -9999 -9999 -9999 -9999 -9999 -9999 -9999 -9999 -9999 -9999 -9999 -56 -41.6024228109915 -23.5686653029164 -29.6433948034277 -17.5011502868061 -9999 -9999 -9999
-8.78017913932597 49.6672682934464 14.2570606143694 4.43387871015495 1.42627486461083 7.06064723007216 3.44609141253776 -8.72590609648435 -9.29075476502087 -19.4320994138542 -37.9176688800007 -62.4373757451948 -79.2124453035538 -64.4191692481967 -23.0977066419105 23.1664920738643 0.205850538957636 -9999 96.2484871480451 97.5465517361621 82.4280090193174 -9999 -9999 -9999 -9999 -9999 -9999 -9999 -9999 -47.3643490919638 -97.5991620502976 -51.3124398790988 32.8438871248739 -18.3123811114719 -21 -25.6630482481438 -22.5867714719367 -27.1151991802739 -26.7129288287062 -21.4146051547282 -9999 -9999 -9999 -9999 -9999 -9999 -9999 -9999 -9999 -9999 -9999 31 31 -9999 -9999 -9999 -9999 -9999 -35.3201715978564 -24.7786204666811 -13.8667391761734 15.463213162886 4.24922171370385 -25.8957595188035 -42.5445327270128
-6.4022218155617 1.00051910246884 -1.32403135280064 1.46955979643912 9.28591871768992 14.376243697707 -21.9636792786094 -25.3686774027175 0.700884853915429 -1.82657388453085 -22.2505778805052 -43.7685657011914 -60.7779779121048 -14.6828227440711 -0.50381297024978 25.0985329996394 24.1325125367519 -9999 -9999 -9999 -9999 -9999 -9999 -9999 -9999 -9999 -9999 -9999 -25 -47.3643490919638 -97.5991620502976 -51.3124398790988 -9999 -9999 -21 -11 -5.16174885728589 -22.8453306478188 -26.7129288287062 -21.4146051547282 -9999 -9999 -25.484772845602 -26.2826585732881 -9999 -9999 -9999 -9999 -9999 -9999 -9999 -9999 31 -8.52441569080551 -21.3770911927941 -25.9711957402286 -21.4271980438818 -19.202010017725 -18.6490954464815 -16.547114834313 16.9386356261265 75.7459739961786 16.9516980293506 -25.8957595188035 -42.5445327270128
-0.747783218600642 1.06961862350171 -0.0775025777169925 -1.1301288027026 9.67831767741716 17.5375533251689 -31.1338178893556 -30.6243216922289 6.7916679883637 2.13410942620787 -22.1357673472079 -27.7050076817386 -6.9717628808549 39.6129452247769 21.0593516569832 -8.62275700512948 8.23788799725498 -9999 -9999 -9999 -9999 -9999 -9999 -9999 -9999 -9999 -9999 -9999 -25 -47.3643490919638 -97.5991620502976 -9999 -9999 -9999 -9999 -11 56 -22.8453306478188 -26.7129288287062 -9999 -9999 3 -25.484772845602 -29.8669551623379 -37.4292167156329 -12.8580258084841 -9999 -9999 -9999 -9999 -9999 -9999 -9999 -3.90032275891487 -15.6531555807874 -20.9797489086195 -20.3345750572741 -19.202010017725 -0.603095814044717 2.39651836699071 16.9386356261265 75.7459739961786 16.9516980293506 -25.8957595188035 -42.5445327270128
-1.17228605300673 -5.48762142687082 -4.9981889296316 -5.82912138595738 5.01521578496104 13.3242952177918 2.31632250972595 -10.3279800250117 -10.6784009058876 -12.752943344375 -17.5869119753415 -12.7706773042639 26.5579043194723 55.8761511206412 17.4290306071715 -10.788336951913 -9.70554697852122 -9999 -9999 -9999 -9999 -9999 -9999 -9999 -9999 -9999 -9999 -9999 -9999 -9999 -9999 -9999 -9999 -9999 -9999 -9999 -9999 -9999 -9999 -9999 -9999 3 -25.484772845602 -37 -39.3208286793556 -17.3141782770695 -24.9359985854114 -21.2076418886992 -9999 -9999 -9999 -9999 -9999 3.28789061271559 -7.70847758306575 -17.1979616627028 -20.9543425201186 -19.202010017725 -0.603095814044717 2.39651836699071 -9999 -9999 -9999 -9999 -9999
-4.56852078636793 -3.61348201723248 -6.66920070616876 -6.60656508382741 0.98592875200792 8.39751499010645 19.7786552952249 8.21321164843971 -18.8099426658251 -23.3987830363905 -13.0608286746257 -30.8909453669927 -65.9202765011156 -0.419190891392819 25.6499165272484 23.8546212769741 -9999 -9999 -9999 -9999 -9999 -43.5786778405485 -44.4792205772043 -32.4940770484564 -9999 -9999 -9999 -9999 -9999 -9999 -9999 -9999 -9999 -9999 -9999 -9999 -9999 -9999 -9999 -9999 0 -9999 -9999 -9999 -9999 -21 -21.8867051758505 -23.0691616789122 -18.3860504806041 -17.4725160581323 -13.0756896876376 -26.0217393797428 9.00787062849144 -11.1371939044883 -8.29672967865013 -16.2681901996433 -15.4351026678906 -7.89766614836404 -9999 -9999 -9999 -9999 -9999 -9999 -9999
-1.36702526902851 -3.78335027728138 -1.57991241427203 -2.42203625822692 5.3831145024095 8.59603894783463 21.5341693181884 32.735626267371 -22.8399198955358 -41.2547215344787 -26.1923086336321 -28.2550742348542 -43.1466661467334 -15.9088952794164 22.0593260266998 31.9954188477334 -9999 -9999 -9999 -9999 -9999 -52 -20.5089335197085 -14.7544667598542 -9999 -9999 -9999 -9999 -9999 -9999 -9999 -9999 -9999 -9999 -9999 -9999 -9999 -9999 -9999 -9999 0 -38.3991654220788 -9999 -9999 -9999 -9999 -10 -16.7494525244721 -19.0644720598203 -17.4725160581323 -13.0756896876376 -26.0217393797428 -0.262061141986948 -8.09742128466443 -1.75620817591861 0.353119114718012 -0.360229628837526 -0.971472370393982 -9999 -9999 -9999 -9999 -9999 -9999 -9999
-0.926726379775322 -3.9617471581535 -2.50498290473431 -2.42203625822692 5.3831145024095 6.25546075890125 12.7501442253977 44.9794949603019 -15.2485745290906 -42.1291930167362 -25.9643500380315 -19.6460806416384 -17.9207318350024 -9.97188873402796 24.6202398088379 31.9954188477334 18.0375229628968 -9999 -9999 -9999 -9999 -9999 -9 -9999 -9999 -9999 -9999 -9999 -9999 -9999 -9999 -9999 -9999 -9999 -9999 -9999 -9999 -9999 -9999 -9999 -15.7944579074482 -30.5889158148964 -27.0249935230376 -9999 -9999 -9999 -9999 20.8818992984639 -14.1747182221828 -15.1464519813911 -9.01236826343434 -17.7761695067393 -12.7910831295315 -12.0941068158125 -2.08362147247898 -1.38287108972862 -1.58271511195044 -9999 -9999 -9999 -9999 -9999 -9999 -9999 -9999
-2.70041778278783 -0.78800374594692 -3.35832465909587 -3.55598371307438 3.84630493243975 -0.78819168758195 8.23445528416828 26.7199819747344 15.0943625835484 -7.47746379177248 -14.448841066276 -15.5541718743144 -15.4481074193862 -11.2593914414487 5.27985962603538 29.1955030120925 18.0375229628968 15.1721874601184 -9999 -9999 -2.93439881075563 38.5666238152002 15.759252091084 -50.8776446328662 -34.2505342554207 -24.4278598076444 10.2527505343695 -13.3446459729563 -37.9375882490968 -9999 -9999 -9999 -9999 -9999 -9999 -9999 -9999 -9999 -9999 -9999 -9999 -1 -48.7312409845223 91.3468285342385 -12.9135602082626 -29.5716051616968 43.5738938268576 -13.088954085784 -12.5033203834892 -6.97377575650329 -4.05285227691494 -16.2806981787636 -8.12841444064319 -12.9048831381611 -10.9584613377772 -2.0369068442461 -20.1938108904358 -9999 -9999 -9999 -9999 -9999 -9999 -9999 -9999
-4.83763844719091 -2.14923363300329 -6.58298763154372 -5.47698271255485 -0.0603718667962845 -7.76436158444656 0.498043875211959 14.5421452194914 28.2228188894472 14.2602292954988 -7.81893399162166 -16.3002252813847 -16.2647788850893 -30.0765059086908 -44.9868285277104 8.48673907720283 18.909765840117 15.1721874601184 24.3824074978844 -8.34224114483943 -2.93439881075563 17.8488278037819 15.759252091084 -50.8776446328662 -34.2505342554207 -24.4278598076444 10.2527505343695 -13.3446459729563 -37.9375882490968 -43.1318888975352 -9999 -9999 -9999 -9999 -9999 -9999 -9999 -9999 -9999 -9999 -9999 -9999 -63 33.8982177895398 -12.9135602082626 -29.5716051616968 -16.5022542579947 -23.7087308210775 -0.0835861349831131 0.981788002588199 -10.4150837823901 -30.3196797879752 -9999 -9999 -36.4996704651681 -38.3507149366255 -9999 -9999 -9999 -9999 -9999 -9999 -9999 -9999 -9999
-9999 -9999 -12 -8.92940192042534 -5.31590323162115 -9.10687524879731 -5.39943612009642 8.22604848520739 22.3924321566103 20.9318294556223 -19.9177159243985 -30.6167414242451 -19.6223535134936 -30.7703794397282 -46.1146327175174 -15.0364031380826 19.8950183348157 31.656056947509 24.3824074978844 -8.03858118563234 -7.8006547625007 -6.74018938060449 5.78174075436095 23.422738565449 6.0269000772082 -16.9388783026245 9.84613813942111 -14.9218883790592 -43.4827391051887 -9999 -9999 -9999 -9999 -9999 -9999 -9999 -9999 -9999 -9999 -9999 -9999 -9999 -3 -34.5542728111921 -32.7139275270042 -22.2922676815642 -8.38895489561995 -6.50002425988702 14.1064211340872 -50.1535671701142 -30.6702822084509 2.11830048992415 -9999 -9999 -51 -9999 -9999 -9999 -9999 -9999 -9999 -9999 -9999 -9999 -9999
-9999 -9999 -12 2.55756201185784 -10.8628796371847 -7.40675242913311 -7.44595699925616 1.85906777159981 7.09769017205911 14.6342933684587 -31.7664979312195 -43.0746353925361 -26.3319492642251 -33.611112221494 -44.3916637621226 -23.5934617713407 13.6017505752412 42.7575532051399 50.5988666058971 79.320453788263 34.6264342734061 22.414006699205 16.3185976037152 22.0884660409089 26.9522949233663 2.26904716243464 8.82185416408358 1.8687201383287 4.57653526906704 -9999 18.9273007478958 -9999 -9999 -9999 -9999 -9999 -9999 -9999 -9999 -9999 -9999 -9999 -3 -6.85867071335596 -13.2514285071962 -14.8110621323833 -11.5266265848794 21.3535374490328 71.4868295525313 -87.633015612873 -12.5455617604024 2.11830048992415 -9999 -9999 -9999 -9999 -9999 -9999 -9999 -9999 -9999 -9999 -9999 -9999 -9999
-9999 -9999 36 2.55756201185784 -11 -5.39625366148532 -7.44595699925616 1.85906777159981 7.34402916636493 2.0796996077246 -14.4605180296785 -22.5071558408642 -15.9521915841966 -19.8283372205906 -28.9414259217509 -31.4905901050962 -29.1134739294596 7.19448768323729 38.2358672960066 53.4682521072054 29.9606761215359 17.5901850779663 -0.880384097497901 -6.85130352995943 -5.39483384777283 -10.6648467527304 -6.79680469399424 18.096035781685 8.16404430101659 24.3342115019074 8.45069780613444 118.504446028925 -26.7717203849292 -9999 -9999 -9999 -9999 -9999 -9999 -9999 -9999 -9999 -3 -6.85867071335596 -6 -11.7450381987836 -14.4605851967644 41.8307066698876 84.8042244867398 -23.2831363056161 -18.9143775531207 -19.2770782716569 -27.1431975426347 -9999 -9999 -70.2007490005885 -71.5381226507099 -9999 -9999 -9999 -9999 -9999 -9999 -9999 -9999
-9999 -9999 -9999 -9999 -11 -5.39625366148532 -9999 37 7.34402916636493 2.0796996077246 7 35.8973693061262 39.2489924615222 23.9108330810594 -20.1669748225238 -44.0913619917193 -52.0389272964762 -59.62304625959 -51.6340797290326 -36.0989258961908 -16.7745729493884 -40.8487504759702 -51.3796562644256 -43.9713928112758 -45.5834431346646 -46.0056339606136 -28.5992124933316 -6.01890015544105 4.78104959830842 -11.7367398201903 -6.03408483473727 117.876661967212 -9999 -9999 -9999 -9999 -9999 -9999 -9999 -9999 -9999 -9999 263 -9999 -6 11.4038562615339 7.5146207353707 15.9252224982418 32.9240037610721 -97.3022337004466 -84.983477875972 -57.7126227761816 -27.1431975426347 -9999 -9999 -69.1727919839814 -26.0503542007502 -48.7942384257301 -9999 -9999 -9999 -9999 -9999 -9999 -9999
-9999 -9999 -9999 -9999 -9999 -9999 -9999 -9999 -9999 -9999 -9999 110 66.4706310609183 36.1215106738376 -12.5292860796963 -52.7037380785589 -43.5510609476823 -33.3026440280945 -44.9512325571761 -72.5490569184086 -67.3582429697915 -61.2676371508679 -42.8283065683465 -27.9992752806197 -30.7965157926404 -35.8997759461391 -24.4336310680173 -1.56195941726958 23.4603572824414 17.2636380755719 15.6053796096554 -9999 -9999 -9999 -9999 -9999 -9999 -9999 -9999 -9999 -9999 -9999 -9999 -9999 11.7019281307669 12 31.8857369128043 -34.6294698175665 -80.6412371827236 -155.440465337649 -98.1143081161521 -21.1975209853984 -8.36583869010528 -24.0192779625061 -40.2173741366507 -37.0791420567601 -18.37063566596 -22.2104949333551 -9999 -9999 -9999 -9999 -9999 -9999 -9999
-9999 -9999 -9999 -9999 -9999 -9999 -9999 -9999 -9999 -9999 -9999 -9999 -9999 -9999 12 -33.5374417153873 -35.0860083348435 -22.2665183823706 -33.3020318667503 -59.4164917999043 -55.5165070680558 -33.4648760059973 -26.4019886995822 -32.3367246959042 -31.6592069602218 -30.5174161091429 -32.8882748513392 -18.3184453189859 49.052493034475 44.4334716254802 36.6354980583814 9.2723550184428 -9999 -9999 -9999 -9999 -9999 -9999 -9999 -9999 -9999 -9999 19.2048557423267 -9999 -9999 -9999 55 -10.8691840730484 -77.5643767133626 -89.5574154490036 -27.3937052290914 43.2428510329865 5.12101632810036 -24.0192779625061 -26.4152725381372 -1.37858641058248 -9999 -9999 -9999 -9999 -9999 -9999 -9999 -9999 -9999
-9999 -9999 -9999 -9999 -9999 -9999 -9999 -9999 -9999 -9999 -9999 -9999 -9999 -9999 -9999 -11 -5.95231483597272 -19.877517472371 -21.591165033818 -32.8973200478735 -30.4692144313164 -12.0735722408313 -12.417498157076 -24.9253813476147 -24.5849554056332 -25.5974496408561 -41.83517666356 -44.2411766443491 34.1327103605588 39.8478741994151 31.4283668851657 9.2723550184428 -4.00883643528225 -9999 -9999 -9999 -9999 -9999 -0.475285885804115 1.52846494842392 -39.3698261316682 -2.08108495129757 19.2048557423267 -2.63717259416162 29.8960405744482 17.5109356698869 38.7641268825847 13.159921200771 -60.5264467907016 -54.7433852327837 35.7796836216301 140.033960397409 -9999 -9999 -9999 -9999 -9999 -9999 -9999 -9999 -9999 -9999 -9999 -9999 -9999
-9999 -9999 -9999 -9999 -9999 -9999 -9999 -9999 -9999 -9999 -9999 -9999 -9999 -9999 -9999 -9999 -9999 -34 -10.8048411262558 1.6728485865489 -10.2698723747016 -13.0913350959119 -3.75427374501616 5.39330991201188 -0.62362489186622 -14.6824646942155 -38.0286772844766 -57.7727706709221 -27.5874597314623 -3.48629055276321 35.9460782203052 19.825736589143 -0.756517699670304 -5.62104873317629 -8.26456616591613 -9999 -9999 2.1284745974284 -0.475285885804115 1.52846494842392 -39.3698261316682 -2.08108495129757 -50.6117682868596 -19.4673142959141 29.8960405744482 17.5109356698869 38.7641268825847 -15.1226559206671 -60.688820760525 -48.1572786584541 -45.2482401601218 -30.7579571852069 -9999 -9999 -9999 -9999 -9999 -9999 -9999 -9999 -9999 -9999 -9999 -9999 -9999
-9999 -9999 -9999 -9999 -9999 -9999 -9999 -9999 -9999 -9999 -9999 -9999 -9999 -9999 -9999 -9999 -9999 -9999 -9999 16 2.28524189797 -7.94421008490578 3.50908276802095 24.1407143387198 16.0878323838341 -3.60333799529385 -28.4115825709079 -55.6435929791146 -51.5987480801602 -37.8048557269401 33.8216899732188 40.3319659622985 7.15714979844427 -5.01191988609877 -8.26456616591613 0.837500474801011 -7.79303111434163 2.1284745974284 0.734396877465004 5.1537354714828 -25.5920919054899 6.79557439000806 -29.633004945211 5.7557508570123 48.4220681405088 15.8519567632217 -18.5531962111197 -48.8548039071865 -40.0074306692969 -18.379145427848 -16.2676742102921 -18.427879083109 -9999 -9999 -9999 -9999 -9999 -9999 -9999 -9999 -9999 -9999 -9999 -9999 -23
-9999 -9999 -9999 -9999 -9999 -9999 -9999 -9999 -9999 -9999 -9999 -9999 -9999 -9999 -9999 -9999 -9999 -9999 -9999 -9999 22.5216173731562 11.57958861027 6.11164627587033 23.1613293301648 16.7971407062303 -3.67727560913641 -14.8577202332949 -14.8616237148287 -26.637394165809 -47.6241994413511 -16.5688390075298 52.1384710913421 75.1252033130423 -9999 -9 -5.21634597123038 -7.79303111434163 2.45561537935079 5.15574434850884 15.103725758823 5.38662302711511 36.7612921397077 61.7298796645099 -14.4136026267434 11.8200374820582 -11.5011616498539 -37.9801643129939 -35.4258814019131 -2.5844565553244 28.9381844812211 -6.66486266137149 -18.427879083109 -9999 -9999 -9999 -9999 -9999 -9999 -9999 -9999 -9999 -12.4988497131939 -20.0368353392414 -29.9016673345887 -16.5887598605197
-9999 -9999 -9999 -9999 -9999 -9999 -9999 -9999 -9999 -9999 -9999 -9999 -9999 -9999 -9999 -9999 -9999 -9999 -9999 -9999 33 23.5038254400685 7.34794661156277 21.9334198046792 7.98607296600095 -9.46452522890576 -10.2883641020432 -0.397396255370779 -11.9048697689404 -43.6141990883825 -58.7862848959004 34.7584965949969 84.2143960308873 68.6160660166331 43.2183874589548 5.57066072962517 4.99513916560396 14.1351460796434 21.9215407076922 32.6650230018965 14.0452403334723 39.0147642859081 56.5360405270476 -100.838525881061 -84.9740171422958 -46.5501005952678 -26.6931364488818 -9.50161728639313 0.471616792496864 -4.99876754240542 -17.2032068121422 -9999 -9999 -9999 -9999 -9999 -9999 -9999 -9999 -9999 2 -12.4988497131939 -20.0368353392414 -29.9016673345887 -16.5887598605197
-9999 -9999 -9999 -9999 -9999 -9999 -9999 -9999 -9999 -9999 -9999 -9999 -9999 -9999 -9999 -9999 -9999 -9999 -9999 -9999 -9999 23.5038254400685 7 19.4818386064221 0.312623272945395 -14.6225883984006 -17.4888453718067 -26.1365551597032 -23.1995870043057 -31.519001002236 -64.3849142413303 -40.2400768497424 2.26870628332107 68.6160660166331 43.2183874589548 24.6875949425323 29.3701191053032 43.103351468931 -1.40332935358884 0.303879812046244 -28.0835494668561 -17.3303953268417 -3.12074749760012 -58.6444076846211 -58.6343757556885 -26.6787030113255 -7.68622476869521 5.47945064990639 5.65250202277444 5.76350857666588 -17.2032068121422 -9999 -9999 -9999 -9999 -9999 -9999 -9999 -9999 2 1.37153275407035 -7.61149345536603 -17.2531467984487 -29.5287130402981 -14.6857581065077
-9999 -9999 -9999 -9999 -9999 -9999 -9999 -9999 -9999 -9999 -9999 -9999 -9999 -9999 -9999 -9999 -9999 -9999 -9999 -9999 -9999 -9999 -9999 19.4818386064221 4 -3.16752747931217 -20.5637471613553 -33.4137280276622 -24.5980909635645 -19.8441925934505 -55.496746272927 -75.9095218800062 -84.4706251396457 22.2764864422132 30.7524208017752 24.1711298805176 25.596137491367 31.9300431914108 -62.7709279684788 -67.9997448642208 -59.1973612445657 -37.5717423526223 -28.4479572884002 -12.7029106160768 -19.3919515806243 -17.5758107932894 -4.94709160468857 6.70970866391217 8.13034624138055 14.2328170222866 9.99816279947625 -9999 -9999 -9999 -9999 -9999 -9999 -9999 -9999 -9999 0 0 -12.9178730855726 -29.5287130402981 -7
