BPI.asc
NCOLS 562 
NROWS 334 
XLLCORNER -139.998111854 
YLLCORNER 53.993344118 
CELLSIZE 0.018 
NODATA_value -9999 
[rows 261 to 289 of 334, columns 390 to 454 of 562]
-11.3821824134831 -9999 -9999 -9999 -9999 -9999 -9999 -9999 -9999 -9999 -9999 -9999 -9999 -9999 -9999 -9999 -9999 -9999 -9999 -9999 -9999 -9999 -9999 -9999 -9999 -9999 -9999 -9999 -9999 -9999 -9999 -9999 -9999 -9999 -9999 -9999 -9999 -9999 -9999 -9999 -9999 -9999 -9999 -9999 -9999 -9999 -9999 5.04925282902274 7.103149250005 -29.7706037289548 16.7389757291041 39.5659703131506 51.7903057358964 36.7766761522276 17.1274698122153 3.66101901953683 -35.1313591785719 -25.1317473089815 -18.0562315436794 -43.1981252794998 -44.225431384275 76.9646266312581 105.176273869217 78.0092941113485 -9999
-11.3821824134831 1.16636585327678 -9999 -9999 -9999 -9999 -9999 -9999 -9999 -9999 -9999 -9999 -9999 -9999 -9999 -9999 -9999 -9999 -9999 -9999 -9999 -9999 -9999 -9999 -9999 -9999 -9999 -9999 -9999 -9999 -9999 -9999 -9999 -9999 -9999 -9999 -9999 -9999 -9999 -9999 -9999 -9999 -9999 -9999 -9999 -9999 -9999 18 7.84555403284282 -52.6436888356496 -12.8088139329833 17.0057446622882 25.7191335627479 47.5526961592189 56.1247569118306 34.7048928781062 -40.4766283600651 -33.0012907735891 -17.449013720694 -37.2277507823338 -47.9006356424419 37.6077341258468 50.8423143534802 78.0092941113485 -9999
-12.7812712718985 1.16636585327678 -9999 -9999 -9999 -9999 -19.4437602783057 -27.7333123478265 -9999 -9999 -9999 -9999 -9999 -9999 -9999 -9999 -9999 -36.1212695851629 -34.4976104200619 -9999 -9999 -9999 -9999 -9999 -9999 -9999 -9999 -9999 -9999 -9999 -9999 -39.1397666331959 11.3770237571824 51.2946995728704 130.485538863871 58.1384568634977 -19.2749795949679 -11.1855508004936 -9999 -9999 -9999 -9999 -9999 -9999 -9999 -9999 -9999 -14.260131089382 -11.4077764893285 -1.59849516467646 -2.25714736470143 11.9480121121434 25.7191335627479 47.5526961592189 65.6566047936296 64.9445577171295 -36.0964999109749 -38.3275472711076 -19.8621978528608 -32.1051200867602 -41.4410324686225 -7.702421987271 38.9782377512384 48.0179643024308 -9999
-12.7812712718985 -9999 -9999 -9999 -9999 -10.746647165345 -15.4855704755515 -21.4467885436785 -22.6727421421005 -9999 -9999 -9999 -9999 -9999 -9999 -9999 -9999 -13.3146694839075 -5.72632096730527 -20.1119656936836 -9999 -9999 -9999 -9999 -9999 -9999 -9999 -9999 -9999 -9999 68 -39.1397666331959 11.3770237571824 51.2946995728704 130.485538863871 58.1384568634977 -19.2749795949679 0.57363589736819 -7.9489417751086 -13.235767525788 -3.04059741274655 -16.8956327857147 -19.6904238233296 -15.9130634293152 -3.39585660322186 -7.75484976900453 -4.27939296457556 -9.0799987308662 -7.28537061763698 -3.07061643509164 -2.43191329136748 11.9480121121434 -9999 -9999 49 74.7050464826946 -31.031761281531 -40.3039378494485 -23.7322946543946 -35.6156424212814 -50.5245706120035 -24.9360661647671 44.007641899981 59.7757655663869 53.8968649344089
-9999 -9999 -22.5916828603947 -9999 -12.8733235826725 -15 -9.58023864442384 -11.1706318186499 -12.5891566321794 -17.6309493871399 -9999 -9999 -9999 -9999 -9999 -9999 -35 -45.0973964275046 -7.6744018310054 -6.70036139915534 -9999 -9999 -9999 -9999 -9999 -9999 -9999 -9999 -9999 -9999 68 -39.1397666331959 11.3770237571824 51.2946995728704 130.485538863871 58.1384568634977 -19.2749795949679 -6.89646277838234 -12.1170272899681 14.2766015458425 -13.5125953164369 -22.6171320598175 -19.6904238233296 -10.2742911656596 10.9763628064756 -6.54279661631513 -11.9788040462136 -6.48182832556467 -2.72946784384078 -5.15075552581559 -2.43191329136748 -9999 -9999 -9999 -9999 76.9474480380088 -31.0516591594178 -40.2984545603819 -29.9616241507165 -37.1353353453928 -52.7125387922283 -42.6609834147042 4.88473250700757 11.0415980726447 35.4086818195158
-6.63138934888266 -11.5167166714018 -24.4107335842916 -9999 -9999 -9999 -14.1427920233601 -8.83724137081196 -7.45304365090827 -39.5225980562717 -9999 -9999 -9999 -9999 -9999 -9999 -9999 -87 -42.7348830128524 -12.9003618776796 -58.4866737018704 -9999 -9999 -9999 -9999 -9999 -9999 -9999 -9999 -9999 -9999 -9999 -9999 -9999 -9999 -9999 -9999 -49 -9999 23 -35.9903076321935 -9999 -9999 1 28.0763345924823 -5.10070377572403 -4.78591872141608 -8.14126208261284 -2.98814942049912 -9999 -9999 -9999 -9999 -9999 -9999 62.5268728015461 -26.7266056428607 -29.1052635728203 -18.7461686630504 -23.4998881359473 -39.2249276684886 -53.9832231573755 -49.2716322234815 62.1528286525809 81.283531356799
-7.08274444120854 -20.3644881759598 -26.8550435727422 16.0620087241905 -7.98079516437691 -27.3613595324746 -4.09990290942545 -3.93795920493961 -15.7464134868912 -39.5225980562717 -41.5710737339293 -9999 -9999 -9999 -9999 -9999 -9999 -9999 -66 -55.636490477888 -58.4866737018704 -41.0964500615697 -9999 -9999 -9999 -9999 -9999 -9999 -9999 -9999 -9999 -9999 -9999 -9999 -33 -60.2423090071413 -9999 -9999 -9999 -9999 -9999 -9999 -9999 -9999 -9999 -0.549982822152651 2.9000343556947 -6.34760524251097 -9999 -9999 -9999 -9999 -9999 -9999 -9999 58.2170398168819 -7.94540271265627 -9.08894762735077 1.97836144818481 -0.0186350698959954 -5.6043473526936 -47.4038971608537 -55.6485048084868 87.4959113708704 81.283531356799
0.418823601234286 -15.09018725348 -15.9890686769829 16.0620087241905 -7.98079516437691 -28.202809753886 7.2242165997278 -9999 -33 -43.6195494115869 -9999 -9999 11.1946999993243 -44.8243117074452 -61.2612236292343 -9999 -9999 -9999 -9999 -68.5005301127211 -70.6499547902787 -41.0964500615697 -42.0025648294567 -9999 -9999 -9999 -9999 -9999 -9999 -9999 -9999 -9999 -9999 -9999 -33 -9999 -9999 -9999 -9999 -9999 186 -9999 -9999 -9999 -9999 -9999 -4 -9999 -9999 -9999 -9999 -9999 -9999 -9999 -7.72179644439793 43.121208612709 5.65947744774772 -1.04476944303912 6.43638705575019 8.23992914702874 8.97622229662225 -35.068734152241 -54.2522186306824 61.8786014842868 50.2261106966092
1.44803195478784 -1.89885349442971 -7.48365428247934 -19.8590370184557 -21.8597681422789 -20.5751344498426 -20.501966114196 -9999 -9999 -9999 -9999 -83 -15.9659077686218 -44.8243117074452 -61.2612236292343 -48.9308855115479 -52.2109788057533 -23.9121481993582 -25.7721255812856 -36.0077235996108 -67.0372470629279 -42.9086795973436 -9999 -9999 -9999 -9999 -9999 329 111.867957302297 -9999 -9999 -9999 -9999 -9999 -9999 -9999 -9999 -9999 -9999 -9999 -9999 -9999 -9999 -9999 -9999 -9999 -9999 -9999 -9999 -9999 -9999 -9999 -9999 -3.62853505855167 -7.72179644439793 18.0152087637939 -1.80911987579236 -10.8137641483603 -6.67044147274873 -0.860254324797023 -1.43574642747053 -15.8111515271781 -31.0020427881975 -34.5352413894557 -49.5608771351836
-1.37178577766887 1.218262731354 -0.55198582623504 -9.00960326299786 -17.8948008639146 -20.4287977785495 -20.9884238867958 -9999 -9999 -9999 -9999 -9999 -33 -36.3193635138582 -52.9623650711256 -48.9308855115479 -52.2109788057533 -23.9121481993582 -31.8526937757233 -60.4994614361876 -71.0332427938404 -9999 -9999 -42.8753975506549 -67.3057080506521 -9999 -9999 329 111.867957302297 -9999 -9999 -9999 -9999 -9999 37 -9999 -9999 -9999 -9999 -9999 -9999 -9999 -9999 -9999 -9999 -9999 -9999 -9999 -9999 -9999 -9999 -9999 -16.4108318558049 -10.9342400313639 -11.45449968033 29.5410737325261 -4.42207226279262 -21.0800937200689 -15.9992003190857 -7.1824561656588 -3.90005051071258 -6.81063253734339 -23.7492178427652 -65.6988277928836 -95.5631056277833
-0.719144589074573 -0.772105044069718 -0.0781409465331139 -7.11761809145129 -18.3505897148564 -21.548049995042 -20.9884238867958 -9999 -9999 -9999 -9999 -9999 -9999 0.293407064296423 33.0576743697414 6.46403718356254 -34.7391528018771 -28.1645048115143 -42.8797822642677 -81.4873430521786 -71.0332427938404 -9999 26.7618389426034 -42.8753975506549 -67.3057080506521 -61.9159339656874 -9999 329 -9999 -9999 -9999 -9999 -9999 -9999 -9999 -9999 -9999 -9999 -9999 -9999 -9999 -9999 -9999 -9999 -9999 -9999 -9999 -9999 -47.8155529786571 -9999 -9999 -9999 -28 -19.3046285480228 12.2306270101565 55.8562137510256 -9.94629062804782 -25.0473371243896 -13.1098333367361 -6.92081186630547 -4.72982872119417 -6.44332181261744 -16.2831265398672 -39.4194414556361 -49.2510500397449
-3.82879277348272 -3.42760743848817 -1.7244598239751 -6.23779494796302 -13.6744453234401 -11.0102938646235 -13.214062256573 -20.6337530123427 -9999 -9999 -9999 -9999 -9999 5 34.4112289001741 9.91374330591916 -21.9114689900074 -28.4322248723581 -23.3889507363633 -20.0530927615587 -50.7702179068687 -88.2579742068258 -98.8911059137398 -45.1616489726402 -56.0971208406247 -9999 -9999 -9999 -9999 -9999 -9999 -9999 -9999 -9999 -9999 -9999 -9999 -9999 -9999 -9999 -9999 -9999 -9999 -9999 -9999 -9999 -9999 -65 -6.34909437503924 12.7592241875536 -9999 -9999 -9999 -20.8380467447356 13.6622482032164 46.7688482946416 -28.6615720613528 -28.4197837756054 -6.68733763032684 -6.02892478326782 -9.94797915033167 -11.5520762827706 -12.2351863993067 -15.9770594457041 -17.4473878793278
3.75936409556442 -2.22371751286013 3.34507273574769 1.16291297658939 -6.04849361802109 -17.3584502657111 -18.8519623044369 0.783719555114541 9.9420843681734 -9999 -9999 -9999 -9999 -9999 34.4112289001741 -11.9060423836844 -22.1405339929783 -17.3206284937027 23.3795967700398 38.6128695208047 -59.5206431028499 -86.1845622140486 -66.063168714463 13.9866726598324 -9999 -9999 -9999 -9999 -9999 -9999 -9999 -9999 -9999 -9999 -9999 -9999 -9999 -9999 -9999 -9999 -9999 -9999 -9999 -9999 -9999 -9999 -9999 -65 70 -11.4306111172441 -12.8087243132431 -9.36021243875948 -15.4611353632471 -12.2716450567938 11.4172619797806 50.8543101760983 -29.076809076549 -31.7783716015633 -10.6740417457842 -8.91423033474813 -13.5808226664397 -14.5849977311016 -14.5392481518128 -11.6730559546204 -13.9078558386052
-1.56134776515015 -8.54199016972872 1.96141573352343 6.6043119309648 -12.6673098994166 -19.3117096783866 7.90644854679399 37.0999557347633 9.9420843681734 -9999 -9999 -9999 -9999 -9999 -9999 24 -2.9114968995972 -10.3478836179003 23.9481361677125 -12.5444467138829 -30.3543782860526 -44.6460809017462 -40.3633791807695 -59.7180961494702 -87.1386316547975 -69.646771057956 -72.8376328275492 -9999 -9999 -9999 -9999 -1.7047328539496 -0.566315726624112 -9999 -9999 -9999 -9999 -9999 -9999 -9999 -9999 -9999 -9999 -9999 -9999 -9999 -9999 -9999 -9999 -26.3412835980966 -14.7689303941708 -9.49260323629584 -10.9784962084654 -7.66411825888315 14.8768878860219 59.7362284276335 -40.5108596396986 -42.4541306997715 -18.6970474679995 -11.2560888243195 -12.884391541012 -12.7106732321365 -13.3338242276933 -10.7155187202538 -12.0592491988963
-27.5965098639711 -17.5338894125999 -4.1571390189809 -9.05732695512184 -19.2873358768071 -12.1934439075993 44.675778207162 37.0999557347633 -9999 -9999 -9999 -9999 -9999 -9999 -9999 -9999 8.78728988963672 -14.9636561343826 -14.3248248839199 -31.3094693214346 -21.9661158147823 -18.8115227657225 -41.9705114978778 -63.2160644067999 -87.1386316547975 -69.646771057956 -72.8376328275492 -9999 -9999 -9999 29.075329810763 59.8553924754755 60.285860067287 -9999 -9999 -9999 -9999 109 -9999 -9999 -9999 -9999 -9999 -9999 -9999 -9999 -9999 -9999 -17.1935548416598 -25.8752751303092 -14.7699700082712 -15.0474501925974 -15.2003657457712 -15.2877859306865 9.2640950974497 61.9304166740991 -35.113563400245 -38.5827181292616 -15.0978913685917 -7.90518175216754 -8.84339498338641 -8.40072499888939 -8.62018396466516 -5.48426574405585 -4.45524757359666
-33.1264234564001 -27.511185391421 -10.3547675321062 -8.98693600408413 -9.48632992856847 -9.70046829231434 -18.4281245131459 19.5489284660278 0.441396557743353 0.224253073783209 -9.098453778876 -10.0240204707118 -9999 -9999 -15.7173470463457 -5.82596925167857 0.799762414918732 -31.8291410793311 -30.8912299725062 -24.4212541958107 -31.703563980972 -34.5061199231403 -63.2381611146152 -9999 -9999 -9999 -9999 -9999 -9999 -9999 3.85061203205998 29.70122406412 28.5651500994953 -9999 -9999 -9999 -9999 -9999 -9999 -9999 -9999 -9999 -34.3014127444319 -25.8261268586305 -17.0375139619331 -11.8980600923982 -30.4501577300032 -42.5453493220895 -34.5911247150087 -20.943710053069 -11.6477294756659 -21.0143247142109 -17.6910968263859 -17.5809766276322 4.97854819701005 43.6712785515592 -13.6514957272319 -19.2189628868916 -0.402317227871269 1.36810957127182 0.0147331626405607 -1.71947488287468 -1.32012291285065 2.87322462551623 10.5470940002275
-38.2007766668815 -36.4278243790914 -20.7474253459317 -6.10948915924974 -2.42350052578708 -14.4039546920828 -23.6364681823711 3.70946337215998 0.441396557743353 0.224253073783209 -6.34757865157252 -10.0240204707118 -5.31745224327335 -7.03320561847479 -15.7173470463457 -5.82596925167857 -1.38842863377808 -33.2902176092551 -21.8595903726219 2.81585836672819 -10.8878911824838 -35.5819135621858 -63.2381611146152 -34.2791612052888 -9999 -9999 -9999 -20.5827253116416 -9999 -9999 -9999 -22 -9999 -9999 -9999 -9999 -9999 -9999 -9999 9 -9999 -42 -34.3014127444319 -25.8261268586305 -17.0375139619331 -11.8980600923982 -30.4501577300032 -30.9395077449118 -22.2746856682905 -15.3563271512808 -9999 -9999 -9999 -9999 -9999 30.8345527715574 -13.425881363037 -13.2955343505647 3.33516171317198 3.81440004514949 2.27970739949564 0.405223840866066 2.00159948028317 6.94686001499515 16.6012195849249
-40.4868644773359 -39.9737289546717 -24.0070642197162 -6.08201980554179 1.7480565031062 -8.97318051635551 -12.4096117421744 -0.932227309795499 -22.2046326941667 -18.2590021787089 -21.8540593143841 -18.1130253231113 -5.31745224327335 -11.1393299300979 -5.36507131752208 5.9780234918537 9.88280597645125 -15.0504868032962 -8.31366653087252 18.4016337776042 6.35547729612956 -30.5980826407296 -28.6889417228299 -34.2791612052888 -9999 -9999 -38.7219919901734 -20.5827253116416 11.7441154380415 -9999 -9999 -9999 -9999 -9999 -9999 -9999 -9999 -9999 -9999 -9999 -9999 -42 -34.3014127444319 -25.8261268586305 -17.0375139619331 -18.2397875203617 -22.149017246898 -18.3245851332195 -14.6566663152714 -9999 -9999 -9999 -9999 -32.8210762458403 -21 23.5075026767488 -28.2588949243918 -26.6506082762835 -6.35480346182181 -0.060789658651144 -1.44438627188922 -0.374268693408214 1.25696271955516 5.60307889808287 11.4850744384002
15.8492343303389 -41 -28.6859808886812 -13.9317732834809 -3.62375160372419 5.20503822365912 9.62104678194301 13.6336223552022 -23.001897869246 -26.8602190717674 -21.50813754595 -17.1705074573661 -16.5655025203115 -6.9833971907626 8.5020574226602 7.75055102729209 3.74628246281225 -20.5630522185335 -13.0423624820274 18.0222165311359 27.0927107951865 -41 -28.5500434845359 -34.2791612052888 -9999 -41.2392206157486 -38.7219919901734 -29.0577938392005 9.76300703214611 -9999 -9999 -3.2776636655308 -9999 -9999 -9999 -9999 -9999 -9999 -35 -9999 -9999 -9999 -9999 -9999 17.3460171081998 1.69203421639955 2.26803524366059 -9999 -9999 -9999 -9999 -9999 -38.0339734612956 -32.8210762458403 -21 44.545726051217 -31.7351981208813 -37.9274836285611 -12.2386649343456 -1.37426915844468 -0.497888889418629 1.43544218028786 1.93167970439504 4.80549416610573 7.16057154509502
15.8492343303389 -33.0085661101367 -32.1361057132018 -12.4349784645377 -6.58725488736163 2.48599952250178 5.35704648837832 4.23333812294541 -3.91734293223658 -0.584030528580059 0.710261064875472 -8.24711688499683 -13.3882824843919 -14.480344554209 3.08044760807292 -0.31322944004958 -17.9105211802982 -43.7880095621732 -41.9422412969853 -34.0315677753677 5.76528381807095 44.105673882903 7.63792361507856 39.7743868173775 -9.83250226934562 -25.4172302924866 -43.7564492413238 -39.9302906130273 -36.4805078494943 -9999 -24.689271478158 -3.2776636655308 5.8746526109381 -9999 -9999 -9999 -9999 -9999 -9999 -9999 -9999 -9999 -9999 -9999 -9999 33 -9999 -9999 -9999 -9999 -9999 -60 -58.4227742065965 -9999 -9999 88.0724568015612 -29.9986338506115 -39.7121782440664 -9.84099406378008 1.99369526724571 5.41482669602173 5.93326650779408 5.54777357833399 5.89592003488698 5.21354763643074
15.8492343303389 -33.0085661101367 -9999 5 -6.53609415257612 -4.47129947779242 -2.92086994547211 3.14070727817133 4.15321157286433 10.9064368197241 1.2227831980232 -4.74966758280418 -3.39297846065207 -20.0935282118546 -6.78041903388783 1.91073557453112 -14.8004311344144 -43.7082974609984 -53.3635195448173 -62.3212884674811 -11.0146789222548 11.3578671007848 7.63792361507856 39.7743868173775 -9.83250226934562 -25.4172302924866 -23.0208054458851 -39 -9999 -18.0761117803436 -24.689271478158 -14.7434070510139 -10.7222783297105 -32.7685823716721 -9999 -9999 -9999 -9999 -9999 -9999 -9999 -9999 12 -18.8693657068477 -9999 -9999 -9999 -9999 -9999 -9999 -9999 -9999 -9999 -9999 -9999 53.6775426459738 -25.3546554495961 -25.0889635565081 -0.433900020957578 7.66169025915857 9.28505170157406 8.28916987552378 6.7997109872584 4.91641744342792 2.91775191441505
-9999 -9999 -9999 -25.1739851925686 -20.3479703851371 -10.9143088624785 -4.1472617040004 0.968706847497974 2.95477687314899 -3.34497076546596 -4.65849947257976 -3 3.42236590904484 -9999 -6 8.3844492692173 4.14128870708011 -19.6777851370502 -26.6519751088395 -26.4227250357614 -15.0389180250904 -22.3420948962984 -14.8909603798416 22.8051135684473 0.0398392259088265 -18.0238598398514 38.3173369309929 0.721534276356929 -18.4616173157062 -10.5886947998917 -11.4629520825292 -0.0725149379571732 -1.02780440216813 -32.7685823716721 -42.5084235284747 -9999 -9999 -9999 -9999 -9999 -9999 -9999 12 -9999 -9999 -9999 -9999 -9999 -9999 -9999 -9999 -9999 -6.90187022400048 -9999 -9999 40.1452141103669 -0.384407908032415 -2.65095002049883 10.1676139422127 11.3509024676806 9.79928143759769 7.11343078665546 4.91962733130819 2.10663401211694 0.308394213544828
-9999 -9999 -9999 -25.1739851925686 -30 -16.6911024460276 -6.08359403399822 -4.33187367495378 -5.48306378277192 -5.97202817969355 -4.65849947257976 -9999 3.42236590904484 -9999 -9999 8.3844492692173 27.2306282616355 -1.16093074438222 -9.82545385558648 -4.69534207380781 -16.1216309070842 -26.0242001009964 -26.5325943505982 4.84136626839058 31.7762417023471 28.2557177930104 38.3173369309929 0.721534276356929 -18.4616173157062 -10.5886947998917 16.8204552354204 -4.21993635450796 -11.2632183036221 -33.4303982628229 -9999 -9999 -9999 -9999 -9999 -9999 -9999 -9999 -9999 -9999 -9999 -9999 -9999 -9999 -9999 -9999 -9999 85.7724127653756 -6.90187022400048 -9999 -9999 52.7390032653528 4.77681234748982 -0.642200315643179 12.2709088920454 11.8235875849753 8.21419735449425 4.30676861250727 1.91400107974267 -0.502122249349945 -2.58754056208777
-9999 -9999 -9999 -9999 -30 -16.6911024460276 -6.08359403399822 -17.8698098051677 -18.5647351348075 -18.9640079379927 -12.4680180588431 -9999 -9999 -9999 -9999 -9999 47 -1.16093074438222 -9.82545385558648 19.4889472347488 -10.5819704337575 -39.9444414850196 -32.3973034781037 0.95810980709866 31.9559669341432 4.44404478386067 9.33993362273527 -5.66838583187194 -13.4502150237247 -10.9622527307648 6.94381107172421 3.93215704449561 -8.46402167151731 -9.64228637114881 -21.8325416068581 -9999 -9999 -23 -9999 -9999 -9999 -9999 -9999 -9999 -9999 -9999 -9999 -9999 -9999 -9999 96 85.7724127653756 -27.8663859500324 -83.2084772783492 24.8927409850502 28.6682991971502 -20.4210270262703 -15.7649065369426 3.27756610508057 7.83866152074734 5.60758275863352 2.58652163874517 0.385265864303424 -1.61848496992522 -5.23197554544767
-9999 -9999 -9999 -9999 -9999 -9999 -9999 -30 -27.8817163690261 -30.5398498038623 -24.7519288709275 -9999 -9999 -9999 -9999 -9999 -9999 -9999 28.5295687502764 30.6701449554403 -2.7733166584491 -54.8811343455434 -52.8504946708538 -27.9806933695418 -14.9581546188021 -25.5785773074347 -22.9431171396887 -22.2366478253429 -15.4790985679907 -7.76385296012819 -0.777234472123044 1.73757399575707 -2.1471073057403 -5.78519871502448 -16.3774496917295 -13.8429486466356 -9999 -9999 -9999 -9999 -9999 -9999 -9999 -9999 -9999 -9999 -9999 -9999 -9999 -9999 -9999 85.7724127653756 -94.5124196484209 -88.9524415690805 23.3080135231875 17.9609077891331 -39.5496362990008 -34.754741727083 -23.052981991363 -13.6586498930303 -7.44056512449958 -5.6002937207089 -6.62834202896186 -8.5368989791592 -12.1723393114984
-9999 -28.4116315781236 -30.5773693854324 -9999 -9999 -9999 -9999 -9999 -9999 -32 6.33165040593041 -10.0274357750934 -20.8592113636517 -15.2821503397253 -9999 -9999 -9999 -9.72297329768934 7.09983320710052 22.2943563630915 1.44277444788255 -40.5303251361724 -49.7142710757526 -41.9854668263274 -28.912436756607 -11.803367955829 -12.6504578113506 -19.4250052732242 -16.9571022970021 -3.61768969447939 2.72021973080883 2.0074516763732 -0.380747328054111 -2.51386425020958 -10.1760471948013 -13.2487200938815 14.1919892105354 -9999 -9999 -9999 -9999 -9999 -9999 -9999 -9999 -9999 -9999 -9999 -9999 -9999 -9999 -130 -9999 -9999 53 25.9958689664453 -15.0393828761652 -22.8579790735407 -31.0068794254189 -24.6496227885629 -13.7067996747938 -8.72106948510441 -8.84688860364926 -10.6580065057262 -13.0705219535163
5.86926707191037 -28.4116315781236 -30.5773693854324 -9999 -9999 -9999 -9999 -9999 -9999 -9999 22 -10.0274357750934 -19.793262899145 -15.2821503397253 -11.1196126350708 -9999 -9 1.43656864281874 -1.02479383379361 4.5288832670239 3.4913065233965 -6.09431462923105 -18.2093706178742 -23.3635071232376 -12.9792491015307 5.36517926213104 7.14213171648366 4.84139039056951 1.47367004641112 8.67311351467079 4.77685468420271 0.629531081644707 -0.747984862086517 1.62238222312182 -2.43622410326488 8.76833469944269 20.5579887991523 -9999 -9999 -33.764232474212 -16.7559404592546 -9999 -9999 -9999 -9999 -9999 -9999 -9999 -9999 -9999 -9999 -9999 -9999 -9999 -9999 -9999 45.21347684039 -5.8868288660357 -9.23268378921994 -8.82726847276014 -2.89500834144696 -1.90972689612074 -2.40951369527793 -5.33353715658936 -6.41061238523381
5.86926707191037 -9999 -9999 -9999 -9999 -9999 -9999 -9999 -9999 -9999 -9999 -9999 -15.5004309818614 -16.2149232814158 -11.1196126350708 -8.11006196601948 -9999 21 -0.74546144413522 -1.00720497707391 6.00642037146768 11.1511826385838 -0.684011005535955 -14.6785996812773 -8.43049404576584 9.76023246828861 18.697384499767 16.6619464291059 12.8978441552393 14.982015692472 3.29528767023893 3.49396745162525 0.117168110236567 0.00788087443176 -3.27105192601873 29.9320842327273 -19.1032746744199 6.13782067939121 -21.5931387407012 -33.764232474212 -16.7559404592546 -11.4979914951398 -9999 -9999 -9999 -9999 -9999 -9999 -9999 -9999 -9999 -9999 -9999 -9999 -9999 243 33.6218693629874 0.345049581752526 4.29798698322112 -0.00934620121307183 0.607800529109081 -3.02632865498045 -5.20935507107321 -8.33102557270053 -8.59306984013561
3.83374831060675 18.2984672660066 -11.3614824249545 7.11465391024367 -9999 -9999 -9999 -9999 -9999 -9999 -9999 -9999 -9999 -17.5773581461562 -15.0653994283087 -8.11006196601948 -19.044631895422 -9999 -9999 -9999 10.3789157764307 18.589210829932 5.26017350299932 -16.6660435015293 -12.9441700281847 6.73117994664689 32.8776991147672 16.6331674742226 10.3542856420628 9.50904339386908 2.27882109180527 7.49397063293559 0.984230501832962 -3.87949531351455 -9.40027403030769 -10.2416401683735 -19.1032746744199 6.13782067939121 -21.5931387407012 -33.764232474212 -33.2338921086728 -9999 -9999 -9999 -9999 -9999 -9999 -9999 -9999 -9999 -9999 -9999 -9999 -9999 -13.5894497224996 10.5020655167773 26 18.0174283504054 9.60040671502149 1.58607346796283 -2.8193834792576 -8.74541469164482 -13.2422160824738 -15.6318777538134 -16.0133927838882
