BPI.asc
NCOLS 562 
NROWS 334 
XLLCORNER -139.998111854 
YLLCORNER 53.993344118 
CELLSIZE 0.018 
NODATA_value -9999 
[rows 58 to 86 of 334, columns 0 to 64 of 562]
-9999 -9999 -9999 -9999 -9999 -9999 -9999 -9999 -9999 -9999 -9999 -9999 -9999 -9999 -9999 -9999 -9999 -9999 -9999 -9999 -9999 -9999 -9999 -9999 -9999 -9999 -43.5327779112051 -47.1520574520678 -24.8917316973312 -23.6135560728552 -8.15941045475474 -18.1603481633057 -27.1575350376407 -32.6501550108801 -9.18754171147765 -17.2278631794385 -9999 -9999 -9999 -9999 -9999 -9999 -9999 -9999 -9999 -9999 -9999 -9999 -9999 -9999 -9999 -9999 -9999 -9999 -9999 -9999 -9999 -9999 -9999 -9999 -9999 -9999 -9999 -9999 -9999
-9999 -9999 -9999 -9999 -9999 -9999 -9999 -9999 -9999 -9999 -9999 -9999 -9999 -9999 -9999 -9999 -9999 -9999 -9999 -9999 -9999 -9999 -9999 -9999 -9999 -9999 -34.5326354650307 -38.075897292643 -10.1077027172737 -7.43737484338092 -7.58557425662652 -16.8956945596696 -25.9494925395591 -32.6501550108801 -9.18754171147765 -17.2278631794385 -24.1759544091648 -8.31975861806174 -19.3094438239241 -9999 -9999 -9999 -9999 -9999 -9999 -9999 -9999 -9999 -9999 -9999 -9999 -9999 -9999 -9999 -9999 -9999 -9999 -9999 -9999 -9999 -9999 -9999 -9999 -9999 -9999
-9999 -9999 -9999 -9999 -9999 -9999 -9999 -9999 -9999 -9999 -9999 -9999 -9999 -9999 -9999 -9999 -9999 -9999 -9999 -9999 -9999 -9999 -9999 -9999 -9999 -9999 -25.5324930188562 -29.1622673551049 -10.997836843902 0 0 -0.165300505324808 -9.25969432648488 -8.35016794410365 -8.52416847603287 -15.9967465109341 -24.1759544091648 -8.31975861806174 -19.3094438239241 -29.2953781955716 -34.813879719356 -8.36570633736049 -9999 -9999 -9999 -9999 -9999 -9999 -9999 -9999 -9999 -9999 -9999 -9999 -9999 -9999 -9999 -9999 -9999 -9999 -9999 -9999 -9999 -9999 -9999
-9999 -9999 -9999 -9999 -9999 -9999 -9999 -9999 -9999 -9999 -9999 -9999 -9999 -9999 -9999 -9999 -9999 -9999 -9999 -9999 -9999 -9999 -9999 -9999 -9999 -9999 -15.5395395888332 -19.9761616489027 0.0740789789547987 0.0740789789547987 0.0728980825825035 0 0 0 0 -0.164098128261135 -6.50662622519714 -7.70343939448534 -17.9019432237829 -27.8611337658229 -34.813879719356 -8.36570633736049 -18.3844605085159 -25.6225213014733 -7.37977196573086 -16.4407230219529 -9999 -9999 -9999 -9999 -9999 -9999 -9999 -9999 -9999 -9999 -9999 -9999 -9999 -9999 -9999 -9999 -9999 -9999 -9999
-9999 -9999 -9999 -9999 -9999 -9999 -9999 -9999 -9999 -9999 -9999 -9999 -9999 -9999 -9999 -9999 -9999 -9999 -9999 -9999 -9999 -9999 -9999 -9999 -9999 -9999 -10.496421319277 -9.96249166069346 0.924045603856297 0.925113950164873 0.984058954524526 0.00135323865740382 0.075954396143703 0.075954396143703 0.075954396143703 0.07403137278841 0 0 -0.285940205137514 -9.17980205565342 -7.38972957662278 -7.65433976804702 -16.9354866886325 -25.6225213014733 -7.37977196573086 -16.4407230219529 -26.3675817544866 -30.2942503442804 -4.04366962431766 -9999 -9999 -9999 -9999 -9999 -9999 -9999 -9999 -9999 -9999 -9999 -9999 -9999 -9999 -9999 -9999
-9999 -9999 -9999 -9999 -9999 -9999 -9999 -9999 -9999 -9999 -9999 -9999 -9999 -9999 -9999 -9999 -9999 -9999 -9999 -9999 -9999 -9999 -9999 -9999 -9999 -9999 -11.9928742932594 -11.0405912942112 0 0.0140656283614568 0.985299643118208 0.0956462759220959 1.07629719801096 1 1 0.974681868951276 0 0 0.00240839550529287 0.0803841722018933 0.184954198820684 1.00569257119426 0.875021460502817 -6.14387205334166 -6.49408643787074 -14.8806966162484 -24.7009707527493 -30.2942503442804 -4.04366962431766 -24.7220355891624 -34.9599832473847 -15.9405216830292 -32.9152035519694 -9999 -9999 -9999 -9999 -9999 -9999 -9999 -9999 -9999 -9999 -9999 -9999
-9999 -9999 -9999 -9999 -9999 -9999 -9999 -9999 -9999 -9999 -9999 -9999 -9999 -9999 -9999 -9999 -9999 -9999 -9999 -9999 -9999 -9999 -9999 -9999 -9999 -9999 -50.6793036733823 -12.8659076762861 0 0.0129445242104881 0.921565354183643 1.01781646258952 1.98187766610619 1.07798620415604 1 0.974681868951276 0 0.00231694857850894 0.113116042045035 1.18961435086397 2.05054079437639 1.30642721744982 3.11815128137231 4.07649139862158 3.99663668754735 3.55174639377008 -4.39611566704413 -3.39424024993012 -3.4263144906771 -22.9602990872668 -34.9599832473847 -15.9405216830292 -32.9152035519694 -49.0042858649074 -9999 -9999 -9999 -9999 -9999 -9999 -9999 -9999 -9999 -9999 -9999
-9999 -9999 -9999 -9999 -9999 -9999 -9999 -9999 -9999 -9999 -9999 -9999 -9999 -9999 -9999 -9999 -9999 -9999 -9999 -9999 -9999 -9999 -9999 -9999 -9999 -51 -50.6786151835391 -12.7851685161627 0 0 0.015941045475474 1.01926994114747 2.08318712401059 2.14335347264396 1.24665441491574 1.30306992931953 0.405684771275482 0.35539155611684 1.38568689286477 3.24474194312888 3.27943715975085 4.24474194312888 4.28318799398047 5.19784157221672 4.03594131341216 2.95592769780471 2.03845082990651 2.88466184100559 3.54675626372301 -2.56839839268211 -13.0701211795792 -14.8077583281345 -30.5400319060708 -46.3885360656616 -58.2595954127072 -17.0052235734692 -33.2293359186891 -9999 -9999 -9999 -9999 -9999 -9999 -9999 -9999
-9999 -9999 -9999 -9999 -9999 -9999 -9999 -9999 -9999 -9999 -9999 -9999 -9999 -9999 -9999 -9999 -9999 -9999 -9999 -9999 -9999 -9999 -9999 -9999 -9999 -44.0382784876253 -49.5116355113348 -11.7927664055194 0.0844734119593585 0.166912129796992 0.184183552198217 1.28600111987453 3.2749902947725 4.50613615456005 4.7765037346767 5.83456064898496 5.80509763430188 4.7753215864592 5.60997184391151 6.4118023018571 6.28216788506739 7.16386008861454 7.11548500352016 7.79894460225183 4.91560622983759 2.95592769780471 1.95405228068918 1.04383200564772 1.72604501236477 -1.91223977445949 -1.83308787020301 -1.88379548458018 -3.48360303712784 -15.5320316983567 -14.7583324971309 -15.8416459762403 -30.8925661015312 -47.0212187212563 -25.4375072183948 -46.6175472613856 -69.4440711782701 -9999 -9999 -9999 -9999
-9999 -9999 -9999 -9999 -9999 -9999 -9999 -9999 -9999 -9999 -9999 -9999 -9999 -9999 -9999 -9999 -9999 -9999 -9999 -9999 -9999 -9999 -9999 -9999 -9999 -32.0272186752429 -35.9265412321583 -9.94813828750881 0.925818520366274 1.82933703582592 1.85713830766755 3.60441459926891 5.3893943130028 9.0352029972064 11.7649127950397 13.6346962866074 13.5849501218177 11.7713292897233 10.5984708441914 9.3983937234174 7.46107272817763 7.34213120661023 6.34353644799425 5.39371245836628 3.64643616676232 1.93947142249087 1.10857903379342 0.317348143303696 0.230673589919002 -1.37508343978073 -0.422096494960254 -0.336604980751218 -0.260875425979919 -0.405442579301036 -1.5485595228906 -3.48412280769245 -5.44919746649304 -21.5078860686909 -23.4317088185732 -42.8209536175507 -64.9504571478681 -75.7824522794532 -3.13931589714512 -18.0896173436001 -9999
-9999 -9999 -9999 -9999 -9999 -9999 -9999 -9999 -9999 -9999 -9999 -9999 -9999 -9999 -9999 -9999 -9999 -9999 -9999 -9999 -9999 -9999 -9999 -9999 -9999 -20.0379338030549 -25.5615438373177 0 0.00318921157281496 0.262847317663597 0.330106213334029 -0.844956382496133 -1.91451036849405 -2.00564245124408 -2.23817798389312 -1.26382861353205 -1.34408466707259 -1.25401565140565 -4.00292768426283 -6.88836368751408 -8.77307451879415 -9.76538230119019 -10.4734058434602 -10.3562628574938 -9.52544847804612 -8.60325669188253 -7.51401082617957 -6.48509961922687 -6.61447601961519 -5.8612191300696 -4.86400486833099 -3.94949989980291 -3.13941886727568 -4.1181512782244 -6.11127140721299 -7.8310651033807 -7.71868742935209 -4.7072551774546 -1.75116392689584 -1.74710068657708 -14.8837274846574 -11.4864221904143 -1.84555808904566 -15.9162321581253 -27.0812240307078
-9999 -9999 -9999 -9999 -9999 -9999 -9999 -9999 -9999 -9999 -9999 -9999 -9999 -9999 -9999 -9999 -9999 -9999 -9999 -9999 -9999 -9999 -9999 -9999 -9999 -12.0053944943957 -12.7113716666049 0.267246949394434 0.300559786364131 3.01155963084751 3.77543229590178 0.876871890114833 -1.01969187970509 -2.06470189045743 -4.97864561732682 -4.11214504975115 -4.94561290367443 -3 -3.05913216751972 -4.93789015551099 -5.7643575369606 -6.57378726343645 -4.69430699975397 -3.77307451857124 -4.7365120468762 -4.74154288822278 -2.91219769065084 -1.18472858931449 -3.18405216126848 -4.95302035812073 -4.09384371174086 -4.17816463292962 -4.16797357637384 -4.10236349388814 -5.72732338932582 -5.69530375192137 -6.28292801840234 -3.39515408620273 0.219889838552433 2.20471943161397 4.91091768353519 5.40967313538011 11.3398531615687 6.56635595752393 -6.12565425073278
-9999 -9999 -9999 -9999 -9999 -9999 -9999 -9999 -9999 -9999 -9999 -9999 -9999 -9999 -9999 -9999 -9999 -9999 -9999 -9999 -9999 -9999 -9999 -9999 -9999 -10.5026849370346 -10.7908909881191 3.09189594395069 3.17748029135599 2.80401890433183 1.78765240311086 -0.110394741301737 -1.2016073470118 -2.24073222044504 -4.90904226634664 -4.90904226634664 -4.85960209704284 -3.08831368645199 -3.02531512060897 -3.78824994776753 -2.9058864680741 -2.78484028092014 -1.87059621549505 -0.956698832999784 -2.13315461873456 -3.09095773365335 -3.05336861517264 -2.37286935791515 -4.39544761696935 -5.00469105148623 -5.13468385106874 -5.92413892294785 -6.04670381308087 -3.74826212108555 -2.56967403922062 -1.4823848583914 -0.492279715914072 0.333394787521975 1.2379155825926 2.12146561842838 3.72712679903993 4.01670464738494 7.33926013227585 3.58562562482896 1.90179245950451
-9999 -9999 -9999 -9999 -9999 -9999 -9999 -9999 -9999 -9999 -9999 -9999 -9999 -9999 -9999 -9999 -9999 -9999 -9999 -9999 -9999 -9999 -9999 -9999 -9999 -58.6795846709505 -10.0682984774165 3.72990023192596 4.49160002368274 0.891795464196913 -0.200127489680785 -1.1251581593032 -2.92685872886283 -3.90716684915774 -3.90716684915774 -3.90246612540036 -3.72402501023175 -3.78796329667565 -2.87622246676533 -1.91021361455608 -1.9685256496562 -1.09962308515829 -1.24362246971318 -0.477324331594699 -3.03436234548557 -3.81842506899314 -3.9573800400262 -5.147908981712 -7.91605545032152 -4.58262044224586 -5.39451358225503 -4.68640073256956 -6.94068384545818 -1.53878945241981 1.48191815863089 3.24849277502634 4.1209644112272 3.18566630168452 3.11085889488276 2.01597622604677 0.993297116124035 1.12252679248877 3.60057269015801 0.992774813484374 0.834860909180715
-9999 -9999 -9999 -9999 -9999 -9999 -9999 -9999 -9999 -9999 -9999 -9999 -9999 -9999 -9999 -9999 -9999 -9999 -9999 -9999 -9999 -9999 -9999 -9999 -61.4904988688976 -59.1644150615081 -12.2675238082886 0.799291170424144 -0.282971186642286 -0.214884121744024 -2 -1.99831262834077 -1.92498331167396 -2.90324882417083 -2.81280308980527 -2.85705301380827 -1.02204262415042 -1.8133359440134 -1.87434704957647 -0.941219547691297 -2.00657186856759 -2.26255840353435 -4.19669947690746 -4.32323765019107 -2.94981030179596 -1.85465516613304 -2.91553323066006 -5.26788407065227 -8.24975979870063 0.672728970034612 0.832128652369337 0.473542840155633 0.525325711037221 1.60954185938747 5.27835311683807 5.24629340407943 6.02387885417968 5.00630544146345 4.94483699959462 2.76463514837012 0.839926168726817 0.148157952057982 1.92404560685699 0.922170189742851 0
-9999 -9999 -9999 -9999 -9999 -9999 -9999 -9999 -9999 -9999 -9999 -9999 -9999 -9999 -9999 -9999 -9999 -9999 -9999 -9999 -9999 -9999 -9999 -9999 -67.4867599672728 -64.3584819276062 -16.1623461917502 -1.21180507085508 -2.98780978875412 -1.99864148555823 -1.90341601478033 -1.88732033715022 -1.01778995948671 -1.8860148289156 -1.12002669915438 -2.07371118016595 -1.17385380603804 -0.506373698351116 -1.25581884149499 -0.252467835394081 -2.06268842866513 -3.87644115948452 -5.77600032762255 -7.2305719730517 -2.59588401907236 -0.0398156236114664 -1.11096554212047 -5.42049608868196 -4.78881514575713 7.37297501849029 8.69994317346257 5.09124049508247 4.99447537460397 5.06923141080722 7.64929698811328 6.70418001316833 6.49675861106989 4.86054873375112 5.35307603427798 1.67976089037806 0.00697370746690983 0.230432251825909 1.83479759962201 0.922170189742852 0
-9999 -9999 -9999 -9999 -9999 -9999 -9999 -9999 -9999 -9999 -9999 -9999 -9999 -9999 -9999 -9999 -9999 -9999 -9999 -9999 -9999 -9999 -9999 -9999 -64.5244743235491 -69.3890423908885 -19.1578553669113 -3 -2.98780978875412 -1.98454947827558 -0.903110143403095 -1 -1.00193885070806 -1.12002669922732 -2.12421027194773 -3.19691880481636 -3.25933828264633 -5.45177959496285 -4.03657063762337 -2.09199656671476 -1.8981245272968 -1.83605110617635 -2.66239036673206 -1.53345950971617 0.192764124727781 0.102798734945083 0.201442789801726 0.295378207224545 0.777683872967921 9.88669617403018 7.69618241964652 5.74775639029956 4.75151287286109 3.94898313245628 4.64367073654775 3.64179531943363 2.70462179277546 2.6314893232867 1.49621619845931 0 0.0722035589135059 1 0.992521575840863 0.831373863942131 0
-9999 -9999 -9999 -9999 -9999 -9999 -9999 -9999 -9999 -9999 -9999 -9999 -9999 -9999 -9999 -9999 -9999 -9999 -9999 -9999 -9999 -9999 -9999 -9999 -50.0299815567884 -56.1563645487693 -19.950225531756 -3.10136975260544 -3.18970253059442 -2.27569574663656 -0.514416259616765 -1.30279207035092 -1.41905537689554 -2.32040780477474 -3.2428508261165 -4.98475825933215 -4.52304498423518 -8.86589012457321 -4.43954193625484 -2.53960705992159 -0.764635144183934 0.204338947132549 0.374039082917906 2.20066963919409 2.16270657096507 1.33623278800645 2.14167238277992 2.99520167423425 3.23758206436838 9.49787432363255 5.69243158526879 3.74400555592183 2.79933036080591 2.74025472169371 1.74449481780906 0.843142389929801 -0.00649185250662333 -0.220129390450871 -1.76962792281427 0 0.0722035589135059 1 0.924045606856992 0 0.00799720960937382
-9999 -9999 -9999 -9999 -9999 -9999 -9999 -9999 -9999 -9999 -9999 -9999 -9999 -9999 -9999 -9999 -9999 -9999 -9999 -9999 -9999 -9999 -9999 -9999 -32.5354360321853 -39.8140873350124 -2.90622914023066 -3.91021311244747 -5.10096427240769 -5.00431295361609 -5.29068966488131 -4.32626819780626 -5.40079010039273 -5 -4.99760391465784 -4.73035434390531 1.69939594532341 1.1124280213447 0.743253207240058 1.60319786227668 1.34132592697876 2.33572555782571 3.14065628763718 4.10221023678559 4.10221023678559 4.05363329414723 2.98591101818845 2.65043416731619 2.03391289227326 6.44170852864682 3.59739666326584 1.84246495833033 0.891943314979792 0.73650388731661 -0.198190651681823 -0.0957887280689231 -0.0580886949132043 -0.890984880842991 -0.734123370942066 0.102210236785595 0.159653909992476 0.897789763214405 0.837362003087503 0.0942552334502337 0.0797052273726244
-9999 -9999 -9999 -9999 -9999 -9999 -9999 -9999 -9999 -9999 -9999 -9999 -9999 -9999 -9999 -9999 -9999 -9999 -9999 -9999 -9999 -9999 -9999 -9999 -22.0037125227036 -22.6539855341043 -1.79851123291551 -2.61138090021905 -5.26047903704224 -4.41475490098425 -7.15469219101524 -6.40741012501176 -8.09469617591492 -4.47957173012751 -4.45856906640363 -3.28774557420017 8.1715140072408 10.4734328475114 6.7853869594947 6.49203012616833 3.82291263436109 4.65497888266913 3.82227137821134 4.583657384102 4.58804947448137 4.60418572808207 2.66355053094474 -0.00995540485978235 -0.0642485537788768 2.59533131769485 0.895914346025501 0.846348059638798 -0.0512464994839324 -0.954989985137702 -1.84130742034569 -0.937173526658177 0 0.0665773075713401 0.992875053384777 0.895914346025501 0.831226141760794 0 0.0680486304604818 0.834286469167006 0.175494710630858
-9999 -9999 -9999 -9999 -9999 -9999 -9999 -9999 -9999 -9999 -9999 -9999 -9999 -9999 -9999 -9999 -9999 -9999 -9999 -9999 -9999 -9999 -9999 -9999 -21 -20.8621568420533 0.0111221133020361 1.32444101330032 1.95106626478761 1.7306426878776 0.930952073978598 -0.468306792722866 -0.350801411315055 0.322453801236193 0.524837325657811 0.52696723892816 8.51888716152892 6.41205671362651 4.41158477930317 2.55029115806106 1.78072517303826 1.58003077887035 1.64367073565833 0.686389292446437 0.816861061325598 1.4354622386864 0.641037736754781 -0.312635805938371 -2.21321999444396 -0.211922142326723 -0.211922142326723 -0.206059866739302 -0.105961071163361 -0.152517274275584 -0.900497368043064 -0.950487847483609 -0.198210379088418 0.0595227047459083 0.832839528182896 -0.00745204523799049 -0.105961071163361 -0.105961071163361 -0.0979128623063652 0.0695828801938598 0.894038928836639
-9999 -9999 -9999 -9999 -9999 -9999 -9999 -9999 -9999 -9999 -9999 -9999 -9999 -9999 -9999 -9999 -9999 -9999 -9999 -9999 -9999 -9999 -9999 -9999 -86.6920729639477 -21.1877898102656 -0.615081567609076 3.19363530208949 8.58426162551758 7.47943355050878 8.71665498047194 4.55507763958857 5.39196219399747 3.46517758083705 4.95564255207874 3.15574253210543 4.91548689877194 1.83716027622705 -0.0276074488609906 -0.862882884067483 -0.0544247919514576 -1.5360270615752 -0.71079069868102 -1.5370288296479 -0.864170429552042 -2.64192343735362 -1.88720867094983 -1.90201103710055 -4.09604892091981 -1.25070613742236 -1.37027245273309 -1.62713176273764 -0.784327023296176 -0.725251384183975 0.161294668341054 -0.739317008286087 -1.56104120334291 0.107836488351912 0.115218189800113 0.160512714592369 -0.576440224832094 -0.692467368215607 -0.832590428567965 -0.107836488351912 -0.107836488351912
-9999 -9999 -9999 -9999 -9999 -9999 -9999 -9999 -9999 -9999 -9999 -9999 -9999 -9999 -9999 -9999 -9999 -9999 -9999 -9999 -9999 -9999 -9999 -85.5032937883747 -86.3754860877205 -23.5519928605887 -5.54612542407229 -3.77139305050599 -2.82249647220284 2.72558362993321 6.59128554631225 8.44948579423522 8.30666567463717 6.51801778419845 4.53770966390203 3.59480361009172 4.78151390180805 0.86440834075363 0 -0.00360072274348548 -0.0517409072831131 1.56917684566477 1.78479417841781 1.84996662649351 0.843461708707831 -0.25866085702151 -1.06880519807084 -0.123777538231952 1.92967184953518 4.7176856610703 3.4183963170773 0.890288094459183 0.890288094459183 0.942882432633343 1.78057618891837 1.73153533979403 0.992901432305834 0.897592417738612 1.06094264582076 1.96833207070851 2.92779644108649 1.85184204794202 -0.0676212919370923 -0.890288094459184 -0.890288094459183
-9999 -9999 -9999 -9999 -9999 -9999 -9999 -9999 -9999 -9999 -9999 -9999 -9999 -9999 -9999 -9999 -9999 -9999 -9999 -9999 -9999 -9999 -9999 -72.0262236881759 -81.0369896975755 -20.428203016227 -1.44394684132512 -1.66638903207265 -1.75380520508533 0.150645116191316 2.90257490415968 3.76099698331201 2.88621531313452 2.73609739781293 0.862354053650125 -0.113426573883719 4.00584758531355 0.223174645459353 0.216268643889969 -0.029157525948339 -0.934722532895414 -2.14595255887812 -0.0731412718780863 0.843591844645832 -0.302859778188023 -2.10666941252117 -2 -1.90435372715032 0.132458475017966 2.51627112115547 -0.211246097294086 0 0 0 0 0.0628264733418231 0.935298109542677 0.059148124064904 0.896051133551526 1.1328085545428 2.81620911835682 1.74852099981797 0.00847554738038557 0.111587322729677 0.111587322729677
-9999 -9999 -9999 -9999 -9999 -9999 -9999 -9999 -9999 -9999 -9999 -9999 -9999 -9999 -9999 -9999 -9999 -9999 -9999 -9999 -9999 -9999 -9999 -45.531533958803 -56.5106330770333 -14.1597655765472 3.55043494555864 1.55582856065542 0.463274901382517 1.23939518346535 2.11346273991823 2.11346273991823 2.09153656558766 0.975985618591129 -0.163008042341794 -2.0410805689402 5.04730936784312 2.67747819506231 2.51244700362897 0.797963003803346 0.784667510217883 -2.57437866711972 -0.882988763379436 -0.847432209961488 -2.12693297981547 -2.38861399821356 -1.43789965453485 -1.46678119974814 0.102184871809229 -0.199055509170392 -1.67830477259277 0 0.00649009391183429 0.11346273991823 0.106547066077724 0.0556980095370602 0.829176623393625 0 0.0684527246854656 1.06234851813746 1.81433370116826 0.837673894824538 0.302879872979467 1.20926391279828 0.990956426516496
-9999 -9999 -9999 -9999 -9999 -9999 -9999 -9999 -9999 -9999 -9999 -9999 -9999 -9999 -9999 -9999 -9999 -9999 -9999 -9999 -9999 -9999 -9999 -18.0281346547434 -27.835480950611 7.35409258130052 8.55591850273441 6.09827763688177 4.44494442768312 3.11533815710713 3.11533815710713 3.11533815710713 3.07368317258179 0.954377874092814 -1.18837013833407 -3.97165471057391 6.07006936497707 8.5409162984889 7.35672167543528 7.72484874215076 8.71603903671647 9.0450949309043 -0.193692868733424 -7.71491334692424 -2.52913779461413 2.96169434093769 3.75611985517053 2.61111081168402 0.889138613769986 -1.15530855663988 0.230676314214268 0.230676314214268 0.2746817998296 1.00681367534513 1.05438710087943 0.108091867454347 0 0.00767890396043319 0.175895670678416 1 0.927796441086494 0.156702084633549 2.19129255025014 2.95967853659284 1.02643987569755
-9999 -9999 -9999 -9999 -9999 -9999 -9999 -9999 -9999 -9999 -9999 -9999 -9999 -9999 -9999 -9999 -9999 -9999 -9999 -9999 -9999 -9999 -9999 -17.4730793419681 -7.85121824183171 8.96015339983627 11.1990737998278 6.18981977406267 7.13645956787351 3.65000795968817 3.76557285140881 3.76557285140881 3.70880536789837 0.82314049514311 -1.97380947715175 -5.47659342199765 5.81958939638506 11.8680927674687 9.37867039640989 11.9702037788316 12.8862879796705 17.1638315412879 0.592204741427455 -12.0260028454652 0.606625192502183 10.4533566809791 10.0253181356739 7.79926818158486 1.2584093928314 -2.53188367590062 1.76557285140881 1.77205766953648 1.83229084617721 1.04522670548393 1.71176608633864 0.834688183364145 0.117213574295596 0.168183353492108 0.882786425704404 0.891029838578276 0.936259678303609 0.322084379261537 2.94983793294367 3.62815865138849 1.84993207984514
-9999 -9999 -9999 -9999 -9999 -9999 -9999 -9999 -9999 -9999 -9999 -9999 -9999 -9999 -9999 -9999 -9999 -9999 -9999 -9999 -9999 -9999 -9999 -36.9849982924815 -31.513525746861 1.0907984627636 -3.16496582873042 -0.113687711074421 0.410361922432244 0.891626513884992 1.64273302554755 1.64485477010915 1.72712842981053 -0.0189988691919108 -0.945655611999697 -3.48661188305647 2.53140686887269 2.82295726019243 3.28546605109509 3.23310386746656 1.58757611357571 -1.14772732645071 2.12168673894903 8.21174597810462 10.0144562588665 13.9711265068358 10.6863421810712 8.92779644578479 4.82089767025053 -0.835478930013465 0 0.0487362296663712 0.874099091765426 0.702746377919496 -0.2236607833362 0.0777903560393904 1.23047270008662 1.05251168391281 0.119088991484151 0.181041825803684 1.00859864901258 1.16670199587673 1.7618220170317 1.77109069064262 1.82018981143087
-9999 -9999 -9999 -9999 -9999 -9999 -9999 -9999 -9999 -9999 -9999 -9999 -9999 -9999 -9999 -9999 -9999 -9999 -9999 -9999 -9999 -9999 -9999 -351.119945769495 -38.9480192720439 6.25964725148636 -8.0485561462875 1.38335289917462 -2.03202901489213 0.583950653334387 -0.880963890466515 -0.988649010995841 -0.358129192850793 -0.120964408673056 -0.138735654550156 -0.885160776828976 -1.25364269801374 -5.89778937966917 -2.48760080361007 -2.77395064693128 -8.06305448524902 -15.9155174861239 1.54931827609893 21.0552309657018 14.264301393496 13.0793827252229 8.19919685859943 8.99088108068186 5.49595039826473 0.465141790102809 0.120964408673056 0.114272076365302 -0.0641194130280566 -1.18004004778526 -1.99168938774306 0.180879652828662 2.82216032678882 1.93342269242866 1 1 1.06346949810544 1.73983855879941 0 0.0684151732822563 0.958740818699569
