chloro.asc
NCOLS 562 
NROWS 334 
XLLCORNER -139.998111854 
YLLCORNER 53.993344118 
CELLSIZE 0.018 
NODATA_value -9999 
[rows 232 to 260 of 334, columns 264 to 329 of 562]
1.59384907273382 1.62324674833949 1.65822390883746 1.65822390883746 1.61249533426215 1.55930647321104 1.54521140290447 1.52906221327101 1.54360722133311 1.56002274028724 1.56002274028724 1.60580830321041 1.65632859790596 1.72141135175975 1.79215278834117 1.81609133547875 1.84172321582738 1.84172321582738 1.8720133530647 1.90372377723519 1.90125721466204 1.89871346330474 1.89393502540882 1.88908044516235 1.88723505653285 1.88538818124982 1.88538818124982 1.89168255272234 1.89784180409308 1.8543906819633 1.81250560971404 1.86475104135623 1.91436313010217 1.91436313010217 1.99410349310486 2.06813793381902 2.04610289104676 2.02594975220062 2.01472386523601 2.00460997366783 2.00460997366783 2.01162395904659 2.01780207266183 2.04069866873383 2.06056494992792 1.97465845610242 1.90123762893614 1.90123762893614 1.91411803473894 1.92487969996496 2.19424009833173 2.41591191291809 2.43126368494819 2.01927266751875 1.67783649793101 1.61480984716844 1.56487267851458 1.84043150153509 2.05546370820216 2.17197474717544 2.26151809609484 2.26151809609484 2.35567829685953 2.42640349051887 2.50044139585301 2.55520642366427
1.58966100215912 1.67650091424468 1.77982246875763 1.77982246875763 1.75559460075017 1.72741413116455 1.71090081365762 1.69198095798492 1.67097665061442 1.64727115631103 1.64727115631104 1.67847238365168 1.71290016174316 1.76651122970496 1.82478356361389 1.85938881969009 1.89644193649292 1.89644193649292 1.92225782030148 1.94928419589996 1.93685119351045 1.92402911186218 1.90296557775287 1.88156640529633 1.88738445533476 1.89320719242096 1.89320719242096 1.97665030716213 2.05830216407776 2.00855581324588 1.96060240268707 1.95976574722872 1.95897126197815 1.95897126197815 1.95994635256342 1.96085166931152 1.95643345480312 1.952392578125 2.03974729515767 2.11844897270203 2.11844897270203 2.08265033440429 2.05111789703369 2.11495563739394 2.17034459114075 2.21564266047716 2.25435709953308 2.25435709953308 2.28698428063603 2.31424450874329 2.37001513186543 2.41591191291809 2.43126368494819 2.44370746612549 2.44370746612549 2.28405551259038 2.15756034851074 2.21558994643424 2.26087331771851 2.26972392894104 2.27652597427368 2.27652597427368 2.35219103370627 2.40902423858643 2.52027638992515 2.60256838798523
1.5201568646181 1.57936877765882 1.64981872117127 1.64981872117127 1.62902108792604 1.60483047111487 1.63374509545663 1.66687353976509 1.66283877376079 1.65828513050832 1.65828513050832 1.6964133359215 1.73848441795491 1.76546977265734 1.79480139501918 1.81172958503928 1.82985521892258 1.82985521892258 1.83834761040086 1.84723820518055 1.85275895044079 1.85845246229485 1.84746460798649 1.8363016669505 1.85620831748128 1.8761310049009 1.8761310049009 1.91171176337776 1.94652871632964 1.92144864586716 1.89727250237885 1.94937526153643 1.99885186896381 1.99885186896381 1.99562331946253 1.99262579289449 1.98286024462989 1.97392872350151 2.0409968898606 2.10142152841 2.10142152841 2.11974980828063 2.13589386751341 2.14398246856884 2.15100056080091 2.18246544588257 2.20935721839608 2.20935721839608 2.2342715375274 2.25508761785362 2.26455116905326 2.2723392573527 2.30207702246109 2.32618174737395 2.32618174737395 2.24659235474866 2.18353222265375 2.23993346936462 2.28394615749439 2.26267593527833 2.24632892690669 2.24632892690669 2.29538457736153 2.33223104062657 2.41888651578707 2.4829846218281
1.4152580499649 1.43277252665757 1.45361113548279 1.45361113548279 1.43799056900322 1.41982161998749 1.5172981662616 1.62898027896881 1.65055671882218 1.67490792274475 1.67490792274475 1.72349063942366 1.7770973443985 1.76389795817732 1.74955093860626 1.73980009423452 1.72935950756073 1.72935950756073 1.71170649424167 1.69322574138641 1.72584310151985 1.75948119163513 1.76370001286206 1.76798605918884 1.80915586820278 1.85035884380341 1.85035884380341 1.81370355107147 1.77783513069153 1.78998253565993 1.80169212818146 1.93369346659079 2.05904150009155 2.05904150009155 2.04946862523197 2.04058074951172 2.02274476123556 2.006432056427 2.04288283518373 2.07572293281555 2.07572293281555 2.17574202646462 2.26384162902832 2.18779108617218 2.1218056678772 2.13239288031174 2.14144134521484 2.14144134521484 2.1547150612536 2.16580533981323 2.10538014587356 2.05565285682678 2.10710261887392 2.14880657196045 2.14880657196045 2.19005124813551 2.22273015975952 2.27667382454667 2.31876873970032 2.25203878176406 2.20075416564941 2.20075416564941 2.20964968234618 2.21633124351501 2.26586429306478 2.30250334739685
-9999 -9999 1.4225024092171 1.38576806822444 1.38690529186445 1.38822804532297 1.45170974729419 1.52444283915463 1.56939189091006 1.62012146135176 1.62012146135176 1.67539593198812 1.73638639202409 1.740031235898 1.74399298423357 1.72036677132334 1.69506931868656 1.69506931868656 1.67671879780974 1.65750783167268 1.67852885433149 1.70020771036458 1.70801148598979 1.71593961141971 1.74066383035788 1.76540796724007 1.76540796724007 1.74926147850669 1.73346160344405 1.76889143626176 1.80304431965375 1.89254387949471 1.97753236491794 1.97753236491794 1.99857452073783 2.01811097854771 2.01400859506837 2.01025657585453 2.04579131086308 2.07780610469753 2.07780610469753 2.15965987753899 2.23175895974998 2.19518938075788 2.16345970630665 2.1235726569898 2.08948279924267 2.08948279924267 2.09163916383369 2.09344082087688 2.0485869051953 2.01167409640556 2.04970566800951 2.08053315515171 2.08053315515171 2.14869010234553 2.20269209873546 2.2286817820596 2.24896282004092 2.21912585944484 2.19619497326535 2.19619497326535 2.19420015791042 2.1927018210213 2.27836958345778 2.34173708921296
-9999 -9999 -9999 1.2849634885788 1.31100026433312 1.34128475189209 1.35425523542114 1.36911594867706 1.44879318141281 1.53871703147888 1.53871703147888 1.60393444060599 1.67589604854584 1.70456888131834 1.73573470115662 1.69149178046068 1.64411926269531 1.64411926269531 1.62473235064398 1.60443639755249 1.6082270093263 1.61213624477386 1.62526672268086 1.63860642910004 1.63889497816646 1.63918375968933 1.63918375968933 1.65351026472901 1.66752922534943 1.7375532392283 1.80505347251892 1.83140179088577 1.85642206668854 1.85642206668854 1.92295354696263 1.98472428321838 2.00102796795661 2.01593923568726 2.05011286765753 2.08090138435364 2.08090138435364 2.13576422647604 2.18408894538879 2.20618213220537 2.22535133361816 2.1104671336065 2.01228022575378 2.01228022575378 1.99791788055248 1.98591804504395 1.96420070355902 1.94632828235626 1.96442244396545 1.97908914089203 1.97908914089203 2.08723366938173 2.17291855812073 2.15737283532784 2.14524173736572 2.17022221411488 2.18942070007324 2.18942070007324 2.17124449155557 2.15759205818176 2.29695056147594 2.40003252029419
-9999 -9999 -9999 -9999 -9999 1.31961123118921 1.32904370616427 1.36851701876384 1.41170651164271 1.46045024117144 1.46045024117144 1.50325705268552 1.55049056024984 1.56052802958753 1.57143821636581 1.55148740512992 1.53012533985846 1.53012533985846 1.55223776958985 1.57538703830159 1.57877371270366 1.58226636993471 1.59993603017411 1.61788724884184 1.633059629154 1.64824423240523 1.64824423240523 1.65192764790233 1.655531992204 1.69340245322423 1.72990800056562 1.74698898798255 1.76320903702724 1.76320903702724 1.81982944240299 1.87239830323023 1.90192773446002 1.928935203144 1.97786527404066 2.02194851067334 2.02194851067334 2.07329016934456 2.11851333183159 2.17141279708459 2.2173111327336 2.14667922765161 2.08631297750544 2.08631297750544 2.0280452099577 1.97936210032465 1.95881767295432 1.94191050871477 1.96103555155671 1.9765378562851 1.9765378562851 2.06307465514791 2.13163934432768 2.18317249150428 2.22338636029795 2.25068226744363 2.27166025338519 2.27166025338519 2.28324227307613 2.2919417084953 2.39817661230566 2.47675740731121
-9999 -9999 -9999 -9999 -9999 -9999 1.29216212768195 1.36764085292816 1.35745296328242 1.34595489501953 1.34595489501953 1.35597757010619 1.36703670024872 1.34981276818289 1.33109128475189 1.34667704618572 1.36336529254913 1.36336529254913 1.44618650417669 1.53289115428925 1.53568691460094 1.53857016563416 1.56288012951132 1.58757746219635 1.62452318218238 1.66149866580963 1.66149866580963 1.64961246082638 1.63798141479492 1.62881491224347 1.61997878551483 1.6235027296335 1.62684905529022 1.62684905529022 1.66897069373345 1.70807826519012 1.75695544808727 1.80165827274322 1.87217532294758 1.93570721149445 1.93570721149445 1.98189778224545 2.02258372306824 2.12054924378838 2.2055492401123 2.19965337193802 2.19461441040039 2.19461441040039 2.07211804078842 1.96977150440216 1.9509429159851 1.93544781208038 1.95608091604406 1.97280561923981 1.97280561923981 2.02773278554365 2.0712525844574 2.22091443228042 2.33770298957825 2.36838610608437 2.39196729660034 2.39196729660034 2.4470821943642 2.48847985267639 2.54625872585359 2.58899712562561
-9999 -9999 -9999 -9999 -9999 -9999 -9999 -9999 -9999 -9999 -9999 1.35597757010619 1.36703670024872 1.34981276818289 1.33109128475189 1.34667704618572 1.36336529254913 1.36336529254913 1.44618650417669 1.53289115428925 1.53568691460094 1.53857016563416 1.56288012951132 1.58757746219635 1.62452318218238 1.66149866580963 1.66149866580963 1.64961246082638 1.63798141479492 1.62881491224347 1.61997878551483 1.6235027296335 1.62684905529022 1.62684905529022 1.66897069373345 1.70807826519012 1.75695544808727 1.80165827274322 1.87217532294758 1.93570721149445 1.93570721149445 1.98189778224545 2.02258372306824 2.12054924378838 2.2055492401123 2.19965337193802 2.19461441040039 2.19461441040039 2.07211804078842 1.96977150440216 1.9509429159851 1.93544781208038 1.95608091604406 1.97280561923981 1.97280561923981 2.02773278554365 2.0712525844574 2.22091443228042 2.33770298957825 2.36838610608437 2.39196729660034 2.39196729660034 2.4470821943642 2.48847985267639 2.54625872585359 2.58899712562561
-9999 -9999 -9999 -9999 -9999 -9999 -9999 -9999 -9999 -9999 -9999 -9999 1.36703670024872 1.34981276818289 1.33109128475189 1.34667704618572 1.36336529254913 1.36336529254913 1.44618650417669 1.53289115428925 1.53568691460094 1.53857016563416 1.56288012951132 1.58757746219635 1.62452318218238 1.66149866580963 1.66149866580963 1.64961246082638 1.60875179796371 1.57916922222625 1.57801804246553 1.58716321446656 1.59584743949162 1.59584743949162 1.66691046658681 1.73288848911311 1.78455283857613 1.8318047916985 1.90412277849189 1.96927720942139 1.96927720942139 2.04908303704377 2.11937823208392 2.17073307193256 2.21529121000259 2.17871314416014 2.14745134158034 2.14745134158034 2.07353593167315 2.0117791121565 1.98817118969328 1.96874290311973 1.96386021072574 1.95990241643414 1.95990241643414 2.03978969089024 2.10308584021032 2.23957169665181 2.34607837485487 2.3545604080833 2.36107918662662 2.36107918662662 2.42922455526731 2.48040960324894 2.51208640109953 2.53551738158756
-9999 -9999 -9999 -9999 -9999 -9999 -9999 -9999 -9999 -9999 -9999 -9999 -9999 -9999 -9999 -9999 -9999 -9999 -9999 -9999 -9999 1.53857016563415 1.56288012951132 1.58757746219635 1.62452318218238 1.66149866580963 1.66149866580963 1.64961246082638 1.49801445007324 1.50821440496741 1.51804673671722 1.5352259031501 1.55153918266296 1.55153918266296 1.6639659402714 1.76834785938263 1.8239956945074 1.87489092350006 1.94978285229176 2.01725625991821 2.01725625991821 2.14510582321212 2.25771927833557 2.24245700917837 2.22921466827393 2.14878486569684 2.08004474639893 2.08004474639893 2.07556241551464 2.07181739807129 2.04137873614717 2.01632905006409 1.97497856626376 1.94146084785461 1.94146084785461 2.05702171073482 2.14858269691467 2.2662371087664 2.35804867744446 2.33480038712676 2.31693315505981 2.31693315505981 2.40370198687609 2.46887540817261 2.46324649057771 2.45908284187317
-9999 -9999 -9999 -9999 -9999 -9999 -9999 -9999 -9999 -9999 -9999 -9999 -9999 -9999 -9999 -9999 -9999 -9999 -9999 -9999 -9999 -9999 -9999 -9999 -9999 -9999 -9999 -9999 1.49801445007324 1.50821440496741 1.51804673671722 1.5352259031501 1.55153918266296 1.55153918266296 1.6639659402714 1.76834785938263 1.8239956945074 1.87489092350006 1.94978285229176 2.01725625991821 2.01725625991821 2.07986589520063 2.13501420522624 2.13148887986639 2.12843012367926 2.08039634759405 2.03934380994467 2.03934380994467 2.02901375514575 2.02038292524687 1.98847188031732 1.96221048748536 1.96462136939797 1.96657557291963 1.96657557291963 2.08577032425608 2.18021050675231 2.25744390413529 2.31771295190379 2.32686888555929 2.3339055832767 2.3339055832767 2.40810640939132 2.46383980581594 2.48201069933644 2.49545151029016
-9999 -9999 -9999 -9999 -9999 -9999 -9999 -9999 -9999 -9999 -9999 -9999 -9999 -9999 -9999 -9999 -9999 -9999 -9999 -9999 -9999 -9999 -9999 -9999 -9999 -9999 -9999 -9999 -9999 -9999 -9999 -9999 -9999 -9999 -9999 -9999 -9999 1.87489092350006 1.94978285229176 2.01725625991821 2.01725625991821 1.96233260631561 1.96233260631561 1.97532456235166 1.98659706115723 1.98415388300909 1.98206579685211 1.98206579685211 1.96350629978172 1.94799971580505 1.91401660127687 1.88604998588562 1.95004579179799 2.00191926956177 2.00191926956177 2.12622795509007 2.2247200012207 2.24506931686866 2.26094889640808 2.31570696423258 2.35779070854187 2.35779070854187 2.41430470831194 2.45675325393677 2.50841737909827 2.54663276672363
-9999 -9999 -9999 -9999 -9999 -9999 -9999 -9999 -9999 -9999 -9999 -9999 -9999 -9999 -9999 -9999 -9999 -9999 -9999 -9999 -9999 -9999 -9999 -9999 -9999 -9999 -9999 -9999 -9999 -9999 -9999 -9999 -9999 -9999 -9999 -9999 -9999 -9999 -9999 -9999 -9999 1.96233260631561 1.88898731866075 1.85446761934585 1.88015011217595 1.88254567560417 1.88459306737395 1.88459306737395 1.89351957273832 1.90097772769402 1.89606156410241 1.89201577670841 1.95859271546618 2.01255839810733 2.01255839810733 2.16248642343869 2.28127714127514 2.27691520203108 2.2735113646554 2.32220619620608 2.35963010324988 2.35963010324988 2.37075810850563 2.37911652660971 2.42143349594568 2.45273489476448
-9999 -9999 -9999 -9999 -9999 -9999 -9999 -9999 -9999 -9999 -9999 -9999 -9999 -9999 -9999 -9999 -9999 -9999 -9999 -9999 -9999 -9999 -9999 -9999 -9999 -9999 -9999 -9999 -9999 -9999 -9999 -9999 -9999 -9999 -9999 -9999 -9999 -9999 -9999 -9999 -9999 1.63437581062317 1.63437581062317 1.68699034433309 1.73264145851135 1.74174229872007 1.74952042102814 1.74952042102814 1.79653560110396 1.83581709861755 1.87118040606594 1.90028285980225 1.9704365984082 2.0273015499115 2.0273015499115 2.21273152582286 2.3596510887146 2.32104557579964 2.2909197807312 2.33121249434274 2.36217904090881 2.36217904090881 2.31041349205045 2.27153158187866 2.30089574810836 2.32261610031128
-9999 -9999 -9999 -9999 -9999 -9999 -9999 -9999 -9999 -9999 -9999 -9999 -9999 -9999 -9999 -9999 -9999 -9999 -9999 -9999 -9999 -9999 -9999 -9999 -9999 -9999 -9999 -9999 -9999 -9999 -9999 -9999 -9999 -9999 -9999 -9999 -9999 -9999 -9999 -9999 -9999 -9999 1.63437581062317 1.68699034433309 1.73264145851135 1.74174229872007 1.74952042102814 1.74952042102814 1.79653560110396 1.83581709861755 1.87118040606594 1.90028285980225 1.9704365984082 2.0273015499115 2.0273015499115 2.21273152582286 2.3596510887146 2.32104557579964 2.2909197807312 2.33121249434274 2.36217904090881 2.36217904090881 2.31041349205045 2.27153158187866 2.30089574810836 2.32261610031128
-9999 -9999 -9999 -9999 -9999 -9999 -9999 -9999 -9999 -9999 -9999 -9999 -9999 -9999 -9999 -9999 -9999 -9999 -9999 -9999 -9999 -9999 -9999 -9999 -9999 -9999 -9999 -9999 -9999 -9999 -9999 -9999 -9999 -9999 -9999 -9999 -9999 -9999 -9999 -9999 -9999 -9999 1.70128189996855 1.71288870723996 1.71439011999817 1.75040272356578 1.78118124826866 1.78118124826866 1.83842564513629 1.88625372171914 1.89432237451287 1.90096252249639 1.9493882747887 1.98864103751145 1.98864103751145 2.13112643319936 2.24402021938489 2.26185481999833 2.27577204276368 2.29622296617158 2.31194031095346 2.31194031095346 2.31106790231327 2.31041262259289 2.3740187087672 2.42106743418131
-9999 -9999 -9999 -9999 -9999 -9999 -9999 -9999 -9999 -9999 -9999 -9999 -9999 -9999 -9999 -9999 -9999 -9999 -9999 -9999 -9999 -9999 -9999 -9999 -9999 -9999 -9999 -9999 -9999 -9999 -9999 -9999 -9999 -9999 -9999 -9999 -9999 -9999 -9999 -9999 -9999 -9999 -9999 1.68967509269714 1.68967509269714 1.76213022707713 1.82405471801758 1.82405471801758 1.89515099605518 1.95455241203308 1.92566004224349 1.9018828868866 1.92088571359185 1.93628895282745 1.93628895282745 2.02062099872753 2.0874388217926 2.18170173179931 2.25525975227356 2.24884194020599 2.24390959739685 2.24390959739685 2.31195407115507 2.3630633354187 2.47303807481036 2.5543851852417
-9999 -9999 -9999 -9999 -9999 -9999 -9999 -9999 -9999 -9999 -9999 -9999 -9999 -9999 -9999 -9999 -9999 -9999 -9999 -9999 -9999 -9999 -9999 -9999 -9999 -9999 -9999 -9999 -9999 -9999 -9999 -9999 -9999 -9999 -9999 -9999 -9999 -9999 -9999 -9999 -9999 -9999 -9999 1.68967509269714 1.68967509269714 1.74944734153585 1.80053228000676 1.80053228000676 1.89540158989771 1.97466553304517 1.98764180801816 1.99832071418727 2.01471539052927 2.0280045251303 2.0280045251303 2.10017469190395 2.15735643560044 2.23432423868275 2.29438603005523 2.25047031698421 2.21671935181202 2.21671935181202 2.33314898126472 2.42060108973363 2.53399550099196 2.61787210525539
-9999 -9999 -9999 -9999 -9999 -9999 -9999 -9999 -9999 -9999 -9999 -9999 -9999 -9999 -9999 -9999 -9999 -9999 -9999 -9999 -9999 -9999 -9999 -9999 -9999 -9999 -9999 -9999 -9999 -9999 -9999 -9999 -9999 -9999 -9999 -9999 -9999 -9999 -9999 -9999 -9999 -9999 -9999 -9999 1.68967509269714 1.76916408538818 1.76916408538818 1.76916408538818 1.89573576769081 2.00148725509644 2.07029718968945 2.12692475318909 2.13984134753331 2.15031123161316 2.15031123161316 2.20626300337224 2.25059461593628 2.30449864137341 2.34656262397766 2.25264182827346 2.18045997619629 2.18045997619629 2.36141331614944 2.49733018875122 2.61528488124383 2.70253467559814
-9999 -9999 -9999 -9999 -9999 -9999 -9999 -9999 -9999 -9999 -9999 -9999 -9999 -9999 -9999 -9999 -9999 -9999 -9999 -9999 -9999 -9999 -9999 -9999 -9999 -9999 -9999 -9999 -9999 -9999 -9999 -9999 -9999 -9999 -9999 -9999 -9999 -9999 -9999 -9999 -9999 -9999 -9999 -9999 1.76916408538818 1.76916408538818 1.74727351833805 1.72870525695556 1.81239124809655 1.88231145360519 1.9941379523912 2.08616626484929 2.14640319288784 2.19522981367365 2.19522981367365 2.25570313793025 2.30361725927295 2.31132291365483 2.31733601767157 2.26100898340907 2.21771942623915 2.21771942623915 2.36386953138263 2.47364515214026 2.61581389421818 2.72097455589077
-9999 -9999 -9999 -9999 -9999 -9999 -9999 -9999 -9999 -9999 -9999 -9999 -9999 -9999 -9999 -9999 -9999 -9999 -9999 -9999 -9999 -9999 -9999 -9999 -9999 -9999 -9999 -9999 -9999 -9999 -9999 -9999 -9999 -9999 -9999 -9999 -9999 -9999 -9999 -9999 -9999 -9999 -9999 -9999 -9999 1.76916408538818 1.67557084560394 1.67557084560394 1.70293523665029 1.72579836845398 1.89411834234319 2.03263831138611 2.15502083714003 2.25422120094299 2.25422120094299 2.3206326613162 2.37325167655945 2.32028520210025 2.27895283699036 2.27199753349916 2.26665210723877 2.26665210723877 2.3670952686475 2.44253969192505 2.61650864476035 2.74519157409668
-9999 -9999 -9999 -9999 -9999 -9999 -9999 -9999 -9999 -9999 -9999 -9999 -9999 -9999 -9999 -9999 -9999 -9999 -9999 -9999 -9999 -9999 -9999 -9999 -9999 -9999 -9999 -9999 -9999 -9999 -9999 -9999 -9999 -9999 -9999 -9999 -9999 -9999 -9999 -9999 -9999 -9999 -9999 -9999 -9999 1.67557084560394 1.67557084560394 1.67557084560394 1.70293523665029 1.72579836845398 1.8941183423432 2.03263831138611 2.15502083714003 2.25422120094299 2.25422120094299 2.3206326613162 2.37325167655945 2.32028520210025 2.27895283699036 2.27199753349916 2.26665210723877 2.26665210723877 2.3670952686475 2.44253969192505 2.61650864476035 2.74519157409668
-9999 -9999 -9999 -9999 -9999 -9999 -9999 -9999 -9999 -9999 -9999 -9999 -9999 -9999 -9999 -9999 -9999 -9999 -9999 -9999 -9999 -9999 -9999 -9999 -9999 -9999 -9999 -9999 -9999 -9999 -9999 -9999 -9999 -9999 -9999 -9999 -9999 -9999 -9999 -9999 -9999 -9999 -9999 -9999 -9999 -9999 -9999 1.67557084560394 1.77160747816946 1.85184672722162 1.90792633212956 1.95407739166393 2.10137822030664 2.22077676760591 2.22077676760591 2.25376407285025 2.2799005183934 2.28909781283831 2.2962749175239 2.29186071957257 2.28846823358293 2.28846823358293 2.38947148859999 2.46533660691211 2.66398101399591 2.81091610662718
-9999 -9999 -9999 -9999 -9999 -9999 -9999 -9999 -9999 -9999 -9999 -9999 -9999 -9999 -9999 -9999 -9999 -9999 -9999 -9999 -9999 -9999 -9999 -9999 -9999 -9999 -9999 -9999 -9999 -9999 -9999 -9999 -9999 -9999 -9999 -9999 -9999 -9999 -9999 -9999 -9999 -9999 -9999 -9999 -9999 -9999 -9999 -9999 2.01363921165466 2.01363921165466 1.92564991849279 1.85323858261108 2.03252391443691 2.17784833908081 2.17784833908081 2.16793324439511 2.16007733345032 2.2490664689874 2.31850910186768 2.31735660270023 2.31647086143494 2.31647086143494 2.41819303843791 2.4945981502533 2.72491534614934 2.8952784538269
-9999 -9999 -9999 -9999 -9999 -9999 -9999 -9999 -9999 -9999 -9999 -9999 -9999 -9999 -9999 -9999 -9999 -9999 -9999 -9999 -9999 -9999 -9999 -9999 -9999 -9999 -9999 -9999 -9999 -9999 -9999 -9999 -9999 -9999 -9999 -9999 -9999 -9999 -9999 -9999 -9999 -9999 -9999 -9999 -9999 -9999 -9999 -9999 2.01363921165466 1.90621849537444 1.79088155679674 1.76926857506303 1.87889151334261 1.96774925909914 1.96774925909914 2.00186039582579 2.02888727361612 2.12656154999708 2.20278162872504 2.27827643865051 2.33629719072971 2.33629719072971 2.43361984473275 2.50672040628537 2.6550009804076 2.76468249731472
-9999 -9999 -9999 -9999 -9999 -9999 -9999 -9999 -9999 -9999 -9999 -9999 -9999 -9999 -9999 -9999 -9999 -9999 -9999 -9999 -9999 -9999 -9999 -9999 -9999 -9999 -9999 -9999 -9999 -9999 -9999 -9999 -9999 -9999 -9999 -9999 -9999 -9999 -9999 -9999 -9999 -9999 -9999 -9999 -9999 -9999 -9999 -9999 -9999 1.56873881816864 1.62050991607553 1.66311526298523 1.68467230704694 1.70214593410492 1.70214593410492 1.79191420865011 1.86303925514221 1.97169312403912 2.05648112297058 2.22887202662819 2.36136126518249 2.36136126518249 2.4531221245443 2.52204513549805 2.56661654765572 2.59958553314209
-9999 -9999 -9999 -9999 -9999 -9999 -9999 -9999 -9999 -9999 -9999 -9999 -9999 -9999 -9999 -9999 -9999 -9999 -9999 -9999 -9999 -9999 -9999 -9999 -9999 -9999 -9999 -9999 -9999 -9999 -9999 -9999 -9999 -9999 -9999 -9999 -9999 -9999 -9999 -9999 -9999 -9999 -9999 -9999 -9999 -9999 -9999 -9999 -9999 1.56873881816864 1.59796199735493 1.62201139436164 1.67325302450534 1.71478827082255 1.71478827082255 1.78898509107112 1.84777258939926 1.94351256394141 2.01822321107796 2.14599647409458 2.24419528833302 2.24419528833302 2.3143868270378 2.36710878523062 2.48753602150217 2.57661472941375
-9999 -9999 -9999 -9999 -9999 -9999 -9999 -9999 -9999 -9999 -9999 -9999 -9999 -9999 -9999 -9999 -9999 -9999 -9999 -9999 -9999 -9999 -9999 -9999 -9999 -9999 -9999 -9999 -9999 -9999 -9999 -9999 -9999 -9999 -9999 -9999 -9999 -9999 -9999 -9999 -9999 -9999 -9999 -9999 -9999 -9999 -9999 -9999 -9999 -9999 1.57083237171173 1.57083237171173 1.65903471028305 1.73052942752838 1.73052942752838 1.7853380043141 1.8287638425827 1.90842454006863 1.97058773040772 2.04280692230119 2.09831023216248 2.09831023216248 2.14164549705619 2.17419528961182 2.38907171206591 2.54801344871521
