chloro.asc
NCOLS 562 
NROWS 334 
XLLCORNER -139.998111854 
YLLCORNER 53.993344118 
CELLSIZE 0.018 
NODATA_value -9999 
[rows 58 to 86 of 334, columns 0 to 65 of 562]
-9999 -9999 -9999 -9999 -9999 -9999 -9999 -9999 -9999 -9999 -9999 -9999 -9999 -9999 -9999 -9999 -9999 -9999 -9999 -9999 -9999 -9999 -9999 -9999 -9999 -9999 1.32164714381915 1.36854401017373 1.36729946024826 1.26667551352667 1.28249633312225 1.28202537584146 1.25606250762939 1.25709820793989 1.30408430099487 -9999 -9999 -9999 -9999 -9999 -9999 -9999 -9999 -9999 -9999 -9999 -9999 -9999 -9999 -9999 -9999 -9999 -9999 -9999 -9999 -9999 -9999 -9999 -9999 -9999 -9999 -9999 -9999 -9999 -9999 -9999
-9999 -9999 -9999 -9999 -9999 -9999 -9999 -9999 -9999 -9999 -9999 -9999 -9999 -9999 -9999 -9999 -9999 -9999 -9999 -9999 -9999 -9999 -9999 -9999 -9999 -9999 1.2664498090744 1.2664498090744 1.2664498090744 1.26667551352667 1.28249633312225 1.28202537584146 1.25606250762939 1.25709820793989 1.30408430099487 1.29221131336013 1.18064989774424 1.20349144935608 -9999 -9999 -9999 -9999 -9999 -9999 -9999 -9999 -9999 -9999 -9999 -9999 -9999 -9999 -9999 -9999 -9999 -9999 -9999 -9999 -9999 -9999 -9999 -9999 -9999 -9999 -9999 -9999
-9999 -9999 -9999 -9999 -9999 -9999 -9999 -9999 -9999 -9999 -9999 -9999 -9999 -9999 -9999 -9999 -9999 -9999 -9999 -9999 -9999 -9999 -9999 -9999 -9999 -9999 1.22245652852143 1.26005065982272 1.26005065982273 1.26024556407626 1.27390743473328 1.27350064203716 1.2510750302258 1.25202508618119 1.29512579502073 1.29221131336013 1.18064989774424 1.20349144935608 1.20290206207232 1.1844447851181 1.18692552847215 -9999 -9999 -9999 -9999 -9999 -9999 -9999 -9999 -9999 -9999 -9999 -9999 -9999 -9999 -9999 -9999 -9999 -9999 -9999 -9999 -9999 -9999 -9999 -9999 -9999
-9999 -9999 -9999 -9999 -9999 -9999 -9999 -9999 -9999 -9999 -9999 -9999 -9999 -9999 -9999 -9999 -9999 -9999 -9999 -9999 -9999 -9999 -9999 -9999 -9999 -9999 1.17782330513 1.17782330513 1.17782330513 1.17762243507571 1.16354238986969 1.16396009490847 1.18698728084564 1.18683682976687 1.18001139163971 1.18001139163971 1.18064989774424 1.20349144935608 1.20290206207232 1.1844447851181 1.18692552847215 1.25594580173492 1.24018177170865 1.11399286857133 -9999 -9999 -9999 -9999 -9999 -9999 -9999 -9999 -9999 -9999 -9999 -9999 -9999 -9999 -9999 -9999 -9999 -9999 -9999 -9999 -9999 -9999
-9999 -9999 -9999 -9999 -9999 -9999 -9999 -9999 -9999 -9999 -9999 -9999 -9999 -9999 -9999 -9999 -9999 -9999 -9999 -9999 -9999 -9999 -9999 -9999 -9999 -9999 1.0199557891254 1.16913945307723 1.16913945307723 1.16898454010962 1.1581258703364 1.15853521600535 1.18110156775202 1.18103466389481 1.17799947038508 1.17799947038508 1.17857213124473 1.19905817278587 1.19846342388233 1.17983824221758 1.18210616870946 1.24520536272897 1.24018177170865 1.11399286857133 1.10098540782928 1.10033763710206 1.08628749847412 1.08606587926439 -9999 -9999 -9999 -9999 -9999 -9999 -9999 -9999 -9999 -9999 -9999 -9999 -9999 -9999 -9999 -9999 -9999 -9999
-9999 -9999 -9999 -9999 -9999 -9999 -9999 -9999 -9999 -9999 -9999 -9999 -9999 -9999 -9999 -9999 -9999 -9999 -9999 -9999 -9999 -9999 -9999 -9999 -9999 1.01868605613708 1.01906420298078 1.06349349021912 1.06349349021912 1.06389768174151 1.09222960472107 1.09253725201131 1.10949718952179 1.11044670402514 1.15352284908295 1.15352284908295 1.15329445019939 1.14512383937836 1.14446386210829 1.12379598617554 1.12347482637494 1.11453938484192 1.11453938484192 1.11399286857133 1.10098540782928 1.10033763710206 1.08628749847412 1.08606587926439 1.08165335655212 1.08165335655212 1.07982616090054 -9999 -9999 -9999 -9999 -9999 -9999 -9999 -9999 -9999 -9999 -9999 -9999 -9999 -9999 -9999
-9999 -9999 -9999 -9999 -9999 -9999 -9999 -9999 -9999 -9999 -9999 -9999 -9999 -9999 -9999 -9999 -9999 -9999 -9999 -9999 -9999 -9999 -9999 -9999 -9999 1.01868605613708 1.01906420298078 1.06349349021912 1.06349349021912 1.06389768174151 1.09222960472107 1.09253725201131 1.10949718952179 1.11044670402514 1.15352284908295 1.15352284908295 1.15329445019939 1.14512383937836 1.14446386210829 1.12379598617554 1.12347482637494 1.11453938484192 1.11453938484192 1.11399286857133 1.10098540782928 1.10033763710206 1.08628749847412 1.08606587926439 1.08165335655212 1.08165335655212 1.07982616090054 1.04746782779694 -9999 -9999 -9999 -9999 -9999 -9999 -9999 -9999 -9999 -9999 -9999 -9999 -9999 -9999
-9999 -9999 -9999 -9999 -9999 -9999 -9999 -9999 -9999 -9999 -9999 -9999 -9999 -9999 -9999 -9999 -9999 -9999 -9999 -9999 -9999 -9999 -9999 -9999 -9999 0.999349702580434 1.01587653726738 1.05850872736788 1.05850872736788 1.05893134869414 1.08855511416601 1.08886368861414 1.10587473835705 1.10675876837804 1.14686411198843 1.14686411198843 1.14662576113845 1.13809913437189 1.13746857092106 1.11772181938794 1.11751332748641 1.11171257909666 1.11171257909666 1.11118195637632 1.09855277299204 1.09809389999841 1.08814095074921 1.08783529382251 1.08174954821902 1.08174954821902 1.07980539448506 1.04537581707588 1.04429280822713 1.02644217014313 1.02601900224103 1.01949942111969 -9999 -9999 -9999 -9999 -9999 -9999 -9999 -9999 -9999 -9999
-9999 -9999 -9999 -9999 -9999 -9999 -9999 -9999 -9999 -9999 -9999 -9999 -9999 -9999 -9999 -9999 -9999 -9999 -9999 -9999 -9999 -9999 -9999 -9999 -9999 0.979799747467041 0.979990405421066 1.0023912191391 1.0023912191391 1.00302131967771 1.04718840122223 1.04750741343678 1.06509387493134 1.0652406931557 1.07190132141113 1.07190132141113 1.07155093322379 1.05901634693146 1.05871691864036 1.04934000968933 1.05039991147917 1.07988893985748 1.07988893985748 1.07953724369053 1.07116663455963 1.07283433617656 1.10900676250458 1.107755025009 1.08283245563507 1.08283245563507 1.0795716101455 1.0218243598938 1.0220884996752 1.02644217014313 1.02601900224103 1.01949942111969 1.01949942111969 1.02117999539779 1.04474186897278 -9999 -9999 -9999 -9999 -9999 -9999 -9999
-9999 -9999 -9999 -9999 -9999 -9999 -9999 -9999 -9999 -9999 -9999 -9999 -9999 -9999 -9999 -9999 -9999 -9999 -9999 -9999 -9999 -9999 -9999 -9999 -9999 0.973327686393606 0.978923922193948 1.00650656768311 1.00650656768311 1.00706829135239 1.04644247624279 1.04671927368539 1.06197852503764 1.06211173652833 1.06815507496696 1.06815507496696 1.06776456676378 1.05379475000769 1.05352186045743 1.04497603983012 1.04613118552212 1.07827012935545 1.07827012935545 1.07794962233995 1.07032133632917 1.07190475615603 1.10624911155642 1.10488278957544 1.07767879953877 1.07767879953877 1.07463742486597 1.02077684640516 1.02093839237629 1.02360106560183 1.0233882971763 1.02011025788401 1.02011025788401 1.02205107157578 1.04926153613777 1.06247994907387 1.23721492290497 1.23681964288099 1.23187899589539 -9999 -9999 -9999
-9999 -9999 -9999 -9999 -9999 -9999 -9999 -9999 -9999 -9999 -9999 -9999 -9999 -9999 -9999 -9999 -9999 -9999 -9999 -9999 -9999 -9999 -9999 -9999 -9999 0.966784775257111 0.967492283965381 1.05061900615692 1.05061900615692 1.05044779787429 1.03844690322876 1.03827120035215 1.02858507633209 1.02857243718682 1.02799904346466 1.02799904346466 1.02717848864174 0.997824430465698 0.997836009790898 0.998198628425598 1.00037469390828 1.06091809272766 1.06091809272766 1.06093190235875 1.06126058101654 1.06194058397874 1.0766898393631 1.07409528579771 1.02243673801422 1.02243673801422 1.02174787195591 1.00954854488373 1.00861038736808 0.993147253990173 0.995189758445121 1.02665781974792 1.02665781974792 1.03138814081704 1.09770786762238 1.10751913995932 1.23721492290497 1.23681964288099 1.23187899589539 1.23515926433999 1.27402567863464 1.27402567863464
-9999 -9999 -9999 -9999 -9999 -9999 -9999 -9999 -9999 -9999 -9999 -9999 -9999 -9999 -9999 -9999 -9999 -9999 -9999 -9999 -9999 -9999 -9999 -9999 -9999 0.971416211354497 0.967921320872333 1.05269012609273 1.05269012609273 1.05251656927978 1.04035105371483 1.04011262715946 1.02696868080241 1.02687596074657 1.02266957678796 1.02266957678796 1.02194506146996 0.996026665526113 0.996051023586699 0.996813821635966 0.998867634895578 1.05600968152366 1.05600968152366 1.05615567470006 1.05963041207363 1.06018980359246 1.07232299834274 1.07002416717992 1.02425356484799 1.02425356484799 1.02357246586324 1.01151068812977 1.01071459431778 0.997593018686067 0.999517738836425 1.0291711437705 1.0291711437705 1.03383602506307 1.09923827754915 1.10917380406334 1.24051211024641 1.24084258482206 1.24497322162875 1.24815692572029 1.28587919275509 1.28587919275509
-9999 -9999 -9999 -9999 -9999 -9999 -9999 -9999 -9999 -9999 -9999 -9999 -9999 -9999 -9999 -9999 -9999 -9999 -9999 -9999 -9999 -9999 -9999 -9999 0.971444070339203 0.971444070339203 0.972308468860193 1.0738685131073 1.0738685131073 1.07367094122739 1.05982208251953 1.05894227044095 1.01044011116028 1.00952851794929 0.96817272901535 0.96817272901535 0.968430272615651 0.977643489837646 0.977798517783115 0.982653379440308 0.983457093732289 1.00581836700439 1.00581836700439 1.00731601260381 1.04296100139618 1.04228707185918 1.02766954898834 1.0283946486865 1.04283165931702 1.04283165931702 1.04222998310592 1.03157472610474 1.03223131499109 1.04305350780487 1.04377381601186 1.05487132072449 1.05487132072449 1.05886704283903 1.1148875951767 1.12609369178603 1.27422773838043 1.28197946921595 1.37886917591095 1.38106545421137 1.40708816051483 1.40708816051483
-9999 -9999 -9999 -9999 -9999 -9999 -9999 -9999 -9999 -9999 -9999 -9999 -9999 -9999 -9999 -9999 -9999 -9999 -9999 -9999 -9999 -9999 -9999 -9999 0.971444070339203 0.971444070339203 0.972308468860193 1.0738685131073 1.0738685131073 1.07367094122739 1.05982208251953 1.05894227044095 1.01044011116028 1.00952851794929 0.96817272901535 0.96817272901535 0.968430272615651 0.977643489837646 0.977798517783115 0.982653379440308 0.983457093732289 1.00581836700439 1.00581836700439 1.00731601260381 1.04296100139618 1.04228707185918 1.02766954898834 1.0283946486865 1.04283165931702 1.04283165931702 1.04222998310592 1.03157472610474 1.03223131499109 1.04305350780487 1.04377381601186 1.05487132072449 1.05487132072449 1.05886704283903 1.1148875951767 1.12609369178603 1.27422773838043 1.28197946921595 1.37886917591095 1.38106545421137 1.40708816051483 1.40708816051483
-9999 -9999 -9999 -9999 -9999 -9999 -9999 -9999 -9999 -9999 -9999 -9999 -9999 -9999 -9999 -9999 -9999 -9999 -9999 -9999 -9999 -9999 -9999 -9999 0.925030212674689 0.962618950898812 0.96339609386086 1.0547042945291 1.0547042945291 1.05467844880823 1.05286678544404 1.05210876459267 1.01032069533776 1.00953695663003 0.973981478390765 0.973981478390765 0.974150493827761 0.980196755249529 0.980431097066789 0.98776975526712 0.988384207892992 1.00547976438238 1.00547976438238 1.00715600644279 1.04705171306377 1.04684697996823 1.04240632179529 1.04302794769249 1.05540475561134 1.05540475561134 1.05467187222297 1.04169302959793 1.04251957007345 1.05614298128311 1.05710154216867 1.07186971201818 1.07186971201818 1.07556428241713 1.12736264788563 1.13770359880942 1.27440123397886 1.2820231547218 1.37729035128808 1.37977454317382 1.40920860707715 1.40920860707715
-9999 -9999 -9999 -9999 -9999 -9999 -9999 -9999 -9999 -9999 -9999 -9999 -9999 -9999 -9999 -9999 -9999 -9999 -9999 -9999 -9999 -9999 -9999 -9999 0.878262221813202 0.878262221813202 0.878205314471837 0.871519148349762 0.871519148349762 0.873134782630641 0.986383140087128 0.986789285865861 1.0091792345047 1.0096176195049 1.029505610466 1.029505610466 1.02882841114764 1.00460267066956 1.00559515053136 1.03667569160461 1.03548104745825 1.00224316120148 1.00224316120148 1.00562655446559 1.08615362644196 1.09043380455553 1.18327081203461 1.1829033622084 1.1755872964859 1.1755872964859 1.17360024216164 1.13841092586517 1.14086198374941 1.18126142024994 1.18449736863099 1.23435235023499 1.23435235023499 1.23516829968638 1.24660801887512 1.24867929586336 1.27605962753296 1.28244073166305 1.36219882965088 1.36743510307852 1.42947733402252 1.42947733402252
-9999 -9999 -9999 -9999 -9999 -9999 -9999 -9999 -9999 -9999 -9999 -9999 -9999 -9999 -9999 -9999 -9999 -9999 -9999 -9999 -9999 -9999 -9999 -9999 0.850838478259782 0.872841560698464 0.872797620042051 0.867634937666745 0.867634937666745 0.869099959112848 0.971791065864693 0.972220768748313 0.995909370225915 0.996325457273634 1.01520186828267 1.01520186828267 1.01480994563057 1.00078952918915 1.00176132901265 1.03219425313688 1.03129703826128 1.00633435286772 1.00633435286772 1.00952728332394 1.08552121030555 1.0896583885947 1.1793937317464 1.17919910973764 1.17532411155937 1.17532411155937 1.17435436331439 1.15718081284639 1.15916541497195 1.19187651823315 1.19552732384179 1.25177384727974 1.25177384727974 1.25222388374891 1.2585334545479 1.25967491185378 1.27476390275127 1.28116005332581 1.36110621842017 1.36629020436514 1.42771290462186 1.42771290462186
-9999 -9999 -9999 -9999 -9999 -9999 -9999 -9999 -9999 -9999 -9999 -9999 -9999 -9999 -9999 -9999 -9999 -9999 -9999 -9999 -9999 -9999 -9999 -9999 0.823207437992096 0.823207437992096 0.82328222640182 0.832069277763367 0.832069277763367 0.832155217255406 0.838179171085358 0.838824573901113 0.87440425157547 0.874616168082666 0.884230077266693 0.884230077266693 0.886450281947181 0.96587461233139 0.966657055997533 0.991160094738007 0.992986282157687 1.04379522800446 1.04379522800446 1.04524419140976 1.07973051071167 1.08255831535021 1.14389336109161 1.14528123186674 1.1729142665863 1.1729142665863 1.18125945128038 1.32904672622681 1.32676024003433 1.28907334804535 1.29652278155272 1.41129326820374 1.41129326820374 1.40839283330507 1.36772835254669 1.36035594351192 1.26289963722229 1.26943356011905 1.35110175609589 1.35580697325674 1.41155695915222 1.41155695915222
-9999 -9999 -9999 -9999 -9999 -9999 -9999 -9999 -9999 -9999 -9999 -9999 -9999 -9999 -9999 -9999 -9999 -9999 -9999 -9999 -9999 -9999 -9999 -9999 0.837258480886093 0.826090513018156 0.82617421571067 0.836008625359567 0.836008625359567 0.836085813946693 0.841496370537252 0.842113668039768 0.876143959870768 0.876419194373299 0.888905619082104 0.888905619082104 0.890979767278936 0.965179156686052 0.966359520576336 1.00332384578337 1.00491851310137 1.04928601039708 1.04928601039708 1.05103047788174 1.09254999622671 1.09514090283284 1.15133763334014 1.15278796920258 1.18166470755596 1.18166470755596 1.1892750968229 1.32404966830012 1.32276973402683 1.30167328268179 1.30807831779877 1.40675816998687 1.40675816998687 1.4041870057221 1.36813894278517 1.36137693254744 1.27198952366212 1.27867356481563 1.36221810482138 1.36571582136711 1.40715867967201 1.40715867967201
-9999 -9999 -9999 -9999 -9999 -9999 -9999 -9999 -9999 -9999 -9999 -9999 -9999 -9999 -9999 -9999 -9999 -9999 -9999 -9999 -9999 -9999 -9999 -9999 0.813246220671843 0.851414740085602 0.851576743661535 0.870610892772675 0.870610892772675 0.870611215547748 0.870633840560913 0.871004267854419 0.891425132751465 0.892256537064651 0.929974436759949 0.929974436759949 0.930765660467014 0.959070444107056 0.963746042085871 1.11016726493835 1.10972831621359 1.09751570224762 1.09751570224762 1.10185580541198 1.20515322685242 1.20566327898543 1.21672630310059 1.2187253170378 1.25852644443512 1.25852644443512 1.25968257008534 1.28015673160553 1.28771810362016 1.41234803199768 1.40957932666458 1.36692297458649 1.36692297458649 1.36724404317168 1.37174546718597 1.37034505094024 1.3518328666687 1.35983550993516 1.45986139774322 1.4527527237216 1.36852526664734 1.36852526664734
-9999 -9999 -9999 -9999 -9999 -9999 -9999 -9999 -9999 -9999 -9999 -9999 -9999 -9999 -9999 -9999 -9999 -9999 -9999 -9999 -9999 -9999 -9999 0.832135627000172 0.817285030140357 0.853042794530404 0.853276348015543 0.880717050086127 0.880717050086127 0.880759215533651 0.883714814910335 0.884039358448891 0.901930750012798 0.902689793972296 0.937124958037016 0.937124958037016 0.937851183101071 0.963830742520867 0.968089096706115 1.1014438953796 1.1015548789467 1.10464270990551 1.10464270990551 1.10859221370862 1.20259310340641 1.20366712229338 1.22696257794892 1.2289200172831 1.26789337852982 1.26789337852982 1.26892115443359 1.28712233339401 1.29374039925127 1.40282233202628 1.40080930865874 1.36979545085286 1.36979545085286 1.37023245866731 1.37635936600467 1.37517258978444 1.35948452550718 1.36616025792193 1.44960094611965 1.44351131550551 1.37135804197088 1.37135804197088
-9999 -9999 -9999 -9999 -9999 -9999 -9999 -9999 -9999 -9999 -9999 -9999 -9999 -9999 -9999 -9999 -9999 -9999 -9999 -9999 -9999 -9999 -9999 0.851289570331573 0.851362195002517 0.866779386997223 0.867616637703255 0.965987026691437 0.965987026691437 0.966382236683026 0.994084596633911 0.994021999285012 0.990571141242981 0.990719649914463 0.997456967830658 0.997456967830658 0.997634771511891 1.00399541854858 1.00473330818804 1.02784109115601 1.03259208894494 1.16477632522583 1.16477632522583 1.16543017496744 1.18099224567413 1.18682469354894 1.31333041191101 1.31493706851759 1.34692621231079 1.34692621231079 1.34687104644575 1.34589409828186 1.34455308617538 1.32244992256165 1.32681291151273 1.39403176307678 1.39403176307678 1.39544699981248 1.41528880596161 1.41590460211499 1.4240448474884 1.4195248648778 1.3630291223526 1.3655375973112 1.39525938034058 1.39525938034058
-9999 -9999 -9999 -9999 -9999 -9999 -9999 -9999 -9999 -9999 -9999 -9999 -9999 -9999 -9999 -9999 -9999 -9999 -9999 -9999 -9999 -9999 -9999 0.851289570331573 0.851362195002517 0.866779386997223 0.867616637703255 0.965987026691437 0.965987026691437 0.966382236683026 0.994084596633911 0.994021999285012 0.990571141242981 0.990719649914463 0.997456967830658 0.997456967830658 0.997634771511891 1.00399541854858 1.00473330818804 1.02784109115601 1.03259208894494 1.16477632522583 1.16477632522583 1.16543017496744 1.18099224567413 1.18682469354894 1.31333041191101 1.31493706851759 1.34692621231079 1.34692621231079 1.34687104644575 1.34589409828186 1.34455308617538 1.32244992256165 1.32681291151273 1.39403176307678 1.39403176307678 1.39544699981248 1.41528880596161 1.41590460211499 1.4240448474884 1.4195248648778 1.3630291223526 1.3655375973112 1.39525938034058 1.39525938034058
-9999 -9999 -9999 -9999 -9999 -9999 -9999 -9999 -9999 -9999 -9999 -9999 -9999 -9999 -9999 -9999 -9999 -9999 -9999 -9999 -9999 -9999 -9999 0.901512154215619 0.8626039904685 0.879897928452823 0.880635898152064 0.967341547789327 0.967341547789327 0.967793190821285 0.999451241242258 0.999369077969587 0.994839592372435 0.995048171519494 1.00451067637129 1.00451067637129 1.00472532984324 1.01240422018366 1.01338704724582 1.0441653008396 1.04888834040916 1.18029471148361 1.18029471148361 1.18141209523201 1.20800659209013 1.21321094263151 1.32609323802062 1.32782733685544 1.36235390385899 1.36235390385899 1.36285903697033 1.37180458446239 1.37098090167316 1.35740459213191 1.36094884700643 1.41555378526927 1.41555378526927 1.41725136897878 1.44105171703095 1.44093255381471 1.43935732828862 1.43471072258058 1.37663230451724 1.37847023320744 1.40024701737112 1.40024701737112
-9999 -9999 -9999 -9999 -9999 -9999 -9999 -9999 -9999 -9999 -9999 -9999 -9999 -9999 -9999 -9999 -9999 -9999 -9999 -9999 -9999 -9999 -9999 0.95195472240448 0.952106573404857 0.984342396259308 0.984289931141328 0.978125691413879 0.978125691413879 0.979026631258898 1.04217827320099 1.04194033403643 1.02882325649261 1.02951009222588 1.06066942214966 1.06066942214966 1.06117745860126 1.07935166358948 1.08228458234794 1.17413198947906 1.17863243712762 1.30384576320648 1.30384576320648 1.30865361535125 1.42308378219604 1.42328747836268 1.42770564556122 1.43045438735386 1.48518288135529 1.48518288135529 1.49014888602 1.57809329032898 1.58138837222131 1.63569939136505 1.63272521999597 1.58690333366394 1.58690333366394 1.59084884863284 1.64616549015045 1.64019488068315 1.5612690448761 1.55561431779506 1.48493528366089 1.48143459689751 1.43995654582977 1.43995654582977
-9999 -9999 -9999 -9999 -9999 -9999 -9999 -9999 -9999 -9999 -9999 -9999 -9999 -9999 -9999 -9999 -9999 -9999 -9999 -9999 -9999 -9999 -9999 0.943135405656781 0.950067266696714 0.982199747913963 0.982210000944423 0.983414651579409 0.983414651579409 0.98419922316351 1.03919399782136 1.03911833201326 1.03494703774945 1.03562331735981 1.06630375298555 1.06630375298555 1.06707670373953 1.09472780122343 1.09757856375801 1.18685316312818 1.19127996521533 1.31444429385781 1.31444429385781 1.31871489603166 1.42035814639921 1.42073517392757 1.42891289610227 1.4315474911858 1.48400328081695 1.48400328081695 1.48849160531332 1.56797663419034 1.57145613329837 1.62880679978918 1.6264263004537 1.58975088521117 1.58975088521117 1.5933479562493 1.6437793677882 1.63886954389221 1.57396629460442 1.56783593989366 1.49121198551949 1.48828600971329 1.45361744833781 1.45361744833781
-9999 -9999 -9999 -9999 -9999 -9999 -9999 -9999 -9999 -9999 -9999 -9999 -9999 -9999 -9999 -9999 -9999 -9999 -9999 -9999 -9999 -9999 -9999 0.934277832508087 0.934425462840125 0.965765297412872 0.966256608526564 1.02398180961609 1.02398180961609 1.02387381829872 1.01630413532257 1.01747313173364 1.08191740512848 1.08251271761245 1.10951995849609 1.10951995849609 1.11232484370113 1.21266520023346 1.21488581158256 1.28442656993866 1.28828849896292 1.39573669433594 1.39573669433594 1.39588650455947 1.39945209026337 1.40115859665414 1.43817269802094 1.43993176985548 1.47495555877686 1.47495555877686 1.47578000109716 1.49038028717041 1.49527429538797 1.57593953609467 1.57811259482271 1.61159205436707 1.61159205436707 1.61251650553963 1.62547743320465 1.62870400182585 1.67135620117188 1.66157770757986 1.53935527801514 1.54083742582787 1.5583987236023 1.5583987236023
-9999 -9999 -9999 -9999 -9999 -9999 -9999 -9999 -9999 -9999 -9999 -9999 -9999 -9999 -9999 -9999 -9999 -9999 -9999 -9999 -9999 -9999 0.967689977059257 0.942241558727553 0.942355614976094 0.966568145774711 0.966998845201306 1.01760264860911 1.01760264860911 1.01754133935942 1.01324384957096 1.01429782884552 1.07240145335557 1.07294936022754 1.09780597464653 1.09780597464653 1.1006290530137 1.20162024130587 1.20385964820715 1.27398900886548 1.27785556590034 1.38543252370894 1.38543252370894 1.38612359660681 1.40257160387167 1.4047424022349 1.45182699043076 1.45353371874815 1.48751532834506 1.48751532834506 1.48883019354126 1.51211551931811 1.51628159524411 1.58494872910139 1.58746219305722 1.62618614181169 1.62618614181169 1.62680731671474 1.63551627098371 1.6375064120835 1.66381420369757 1.65474266234062 1.54135650381727 1.54244387981776 1.55532770528605 1.55532770528605
-9999 -9999 -9999 -9999 -9999 -9999 -9999 -9999 -9999 -9999 -9999 -9999 -9999 -9999 -9999 -9999 -9999 -9999 -9999 -9999 -9999 -9999 1.00114989280701 1.00114989280701 1.0010155988144 0.972506880760193 0.972489230580808 0.970415472984314 0.970415472984314 0.9706994748067 0.990606665611267 0.990809853721554 1.00201117992401 1.00220842360735 1.01115667819977 1.01115667819977 1.01411433287493 1.1199197769165 1.12229821605428 1.19678151607513 1.20068230688286 1.30921173095703 1.30921173095703 1.31390656811879 1.42564690113068 1.43125210518161 1.55282890796661 1.55414844700722 1.58042097091675 1.58042097091675 1.5853635342304 1.67289280891418 1.67167431015289 1.65159046649933 1.65662193576169 1.73413980007172 1.73413980007172 1.73251761560875 1.70977437496185 1.70261856057688 1.608025431633 1.60418327376984 1.55615973472595 1.55432695134883 1.53261113166809 1.53261113166809
