salinity.asc
NCOLS 562 
NROWS 334 
XLLCORNER -139.998111854 
YLLCORNER 53.993344118 
CELLSIZE 0.018 
NODATA_value -9999 
[rows 270 to 299 of 334, columns 408 to 475 of 562]
-9999 -9999 -9999 -9999 -9999 -9999 -9999 -9999 -9999 -9999 -9999 -9999 -9999 -9999 -9999 -9999 -9999 -9999 -9999 -9999 -9999 -9999 -9999 -9999 -9999 -9999 -9999 -9999 -9999 -9999 -9999 -9999 -9999 -9999 -9999 -9999 -9999 -9999 11486.2861328125 11486.2861328125 11486.2861328125 11486.2861328125 11487.4837093934 11505.33199545 11509.5712890625 11509.5712890625 11509.5712890625 11548.8855514667 11557.9287109375 11557.9287109375 11557.9287109375 11557.9287109375 11557.9287109375 -9999 -9999 -9999 -9999 -9999 -9999 -9999 -9999 -9999 -9999 -9999 -9999 -9999 -9999 -9999
-9999 -9999 -9999 -9999 -9999 -9999 -9999 -9999 -9999 -9999 -9999 -9999 -9999 -9999 -9999 -9999 -9999 -9999 -9999 -9999 -9999 -9999 -9999 -9999 -9999 -9999 -9999 -9999 -9999 -9999 -9999 -9999 -9999 -9999 -9999 -9999 -9999 -9999 11486.2861328125 11486.2861328125 11486.2861328125 11486.2861328125 11487.4837093934 11505.33199545 11509.5712890625 11509.5712890625 11509.5712890625 11548.8855514667 11557.9287109375 11557.9287109375 11557.9287109375 11557.9287109375 11557.9287109375 -9999 -9999 -9999 -9999 -9999 -9999 -9999 -9999 -9999 -9999 -9999 -9999 -9999 -9999 -9999
-9999 -9999 -9999 -9999 -9999 -9999 -9999 -9999 -9999 -9999 -9999 -9999 -9999 -9999 -9999 -9999 -9999 -9999 -9999 -9999 -9999 -9999 -9999 -9999 -9999 -9999 -9999 -9999 -9999 -9999 -9999 -9999 -9999 -9999 -9999 -9999 -9999 -9999 11486.2861336898 11486.2861336792 11486.2861336792 11486.2861336792 11487.4837102736 11505.3319965309 11509.5712901911 11509.5712901911 11509.5712901911 11548.885551867 11557.9287111703 11557.9287111703 11557.9287111703 11557.9287111455 11557.9287103861 11545.0712890625 11545.0712890625 -9999 -9999 -9999 -9999 -9999 -9999 -9999 -9999 -9999 -9999 -9999 -9999 -9999
-9999 -9999 -9999 -9999 -9999 -9999 -9999 -9999 -9999 -9999 -9999 -9999 -9999 -9999 -9999 -9999 -9999 -9999 -9999 -9999 -9999 -9999 -9999 -9999 -9999 -9999 -9999 -9999 -9999 -9999 -9999 -9999 -9999 -9999 -9999 -9999 -9999 -9999 11502.078154096 11501.8870862224 11501.8870862224 11501.8870862224 11503.3271149093 11524.7886481781 11529.8861532251 11529.8861532251 11529.8861532251 11556.0907915996 11562.1184443953 11562.1184443953 11562.1184443953 11561.6728643848 11548.0029038931 11545.0712890625 11545.0712890625 11545.0712890625 -9999 -9999 -9999 -9999 -9999 -9999 -9999 -9999 -9999 -9999 -9999 -9999
-9999 -9999 -9999 -9999 -9999 -9999 -9999 -9999 -9999 -9999 -9999 -9999 -9999 -9999 -9999 -9999 -9999 -9999 -9999 -9999 -9999 -9999 -9999 -9999 -9999 -9999 -9999 -9999 -9999 -9999 -9999 -9999 -9999 -9999 -9999 -9999 -9999 -9999 11522.8832406063 11522.8435845758 11522.8435845758 11522.8435845758 11524.6090790573 11550.924157448 11557.1744795467 11557.1744795467 11557.1744795467 11565.7695314601 11567.7465855967 11567.7465855967 11567.7465855967 11566.6596071207 11548.8637713408 11545.0712890625 11545.0712890625 11545.0712890625 11545.0712890625 -9999 -9999 -9999 -9999 -9999 -9999 -9999 -9999 -9999 -9999 -9999
-9999 -9999 -9999 -9999 -9999 -9999 -9999 -9999 -9999 -9999 -9999 -9999 -9999 -9999 -9999 -9999 -9999 -9999 -9999 -9999 -9999 -9999 -9999 -9999 -9999 -9999 -9999 -9999 -9999 -9999 -9999 -9999 -9999 -9999 -9999 -9999 -9999 -9999 11526.7138671875 11526.7138671875 11526.7138671875 11526.7138671875 11528.5392689747 11555.7506444767 11562.2138671875 11562.2138671875 11562.2138671875 11567.5570754346 11568.7861328125 11568.7861328125 11568.7861328125 11567.5409675205 11549.0141796806 11545.0712890625 11545.0712890625 11545.0712890625 11545.0712890625 -9999 -9999 -9999 -9999 -9999 -9999 -9999 -9999 -9999 -9999 -9999
-9999 -9999 -9999 -9999 -9999 -9999 -9999 -9999 -9999 -9999 -9999 -9999 -9999 -9999 -9999 -9999 -9999 -9999 -9999 -9999 -9999 -9999 -9999 -9999 -9999 -9999 -9999 -9999 -9999 -9999 -9999 -9999 -9999 -9999 -9999 -9999 -9999 -9999 11526.7138680429 11526.7138680354 11526.7138680354 11526.7138680354 11528.5392697874 11555.750644766 11562.2138673524 11562.2138673524 11562.2138673524 11567.5570750291 11568.7861322758 11568.7861322758 11568.7861322758 11567.5409669499 11549.0141786069 11545.0712878817 11545.0712878817 11545.0712878817 11545.0712830921 11419.9287109375 11419.9287109375 11419.9287109375 11409.8041751096 11259.426834063 11231 11231 -9999 -9999 -9999 -9999
-9999 -9999 -9999 -9999 -9999 -9999 -9999 -9999 -9999 -9999 -9999 -9999 -9999 -9999 -9999 -9999 -9999 -9999 -9999 -9999 -9999 -9999 -9999 -9999 -9999 -9999 -9999 -9999 -9999 -9999 -9999 -9999 -9999 -9999 -9999 -9999 -9999 -9999 11542.1109574361 11541.9756841394 11541.9756841394 11541.9756841394 11543.168957547 11560.9573781891 11565.1824695712 11565.1824695712 11565.1824695712 11560.2578462663 11559.1250727852 11559.1250727852 11559.1250727852 11557.2709766261 11529.6877893744 11523.8175185287 11523.8175185287 11523.8175185287 11437.6030951285 11419.9287109375 11419.9287109375 11419.9287109375 11409.8041751096 11259.426834063 11231 11231 11231 -9999 -9999 -9999
-9999 -9999 -9999 -9999 -9999 -9999 -9999 -9999 -9999 -9999 -9999 -9999 -9999 -9999 -9999 -9999 -9999 -9999 -9999 -9999 -9999 -9999 -9999 -9999 -9999 -9999 -9999 -9999 -9999 -9999 -9999 -9999 -9999 -9999 -9999 -9999 -9999 -9999 11561.9967015738 11561.9693463836 11561.9693463836 11561.9693463836 11562.3347174188 11567.7785515785 11569.0715554456 11569.0715554456 11569.0715554456 11550.6952173899 11546.4682487184 11546.4682487184 11546.4682487184 11543.8166013845 11504.3687963564 11495.9734917465 11495.9734917465 11495.9734917465 11432.8660494526 11419.9287109375 11419.9287109375 11419.9287109375 11409.8041751096 11259.426834063 11231 11231 11231 11231 -9999 -9999
-9999 -9999 -9999 -9999 -9999 -9999 -9999 -9999 -9999 -9999 -9999 -9999 -9999 -9999 -9999 -9999 -9999 -9999 -9999 -9999 -9999 -9999 -9999 -9999 -9999 -9999 -9999 -9999 -9999 -9999 -9999 -9999 -9999 -9999 -9999 -9999 -9999 -9999 11565.642578125 11565.642578125 11565.642578125 11565.642578125 11565.8560386951 11569.0318432285 11569.7861328125 11569.7861328125 11569.7861328125 11548.9380933829 11544.142578125 11544.142578125 11544.142578125 11541.344561909 11499.7166963866 11490.857421875 11490.857421875 11490.857421875 11431.9956632526 11419.9287109375 11419.9287109375 11419.9287109375 11409.8041751566 11259.426834072 11231 11231 11231 11231 -9999 -9999
-9999 -9999 -9999 -9999 -9999 -9999 -9999 -9999 -9999 -9999 -9999 -9999 -9999 -9999 -9999 -9999 -9999 -9999 -9999 -9999 -9999 -9999 -9999 -9999 -9999 -9999 -9999 -9999 -9999 -9999 -9999 -9999 -9999 -9999 -9999 -9999 -9999 -9999 11565.642578125 11565.642578125 11565.642578125 11565.642578125 11565.8560386951 11569.0318432285 11569.7861328125 11569.7861328125 11569.7861328125 11548.9380933829 11544.142578125 11544.142578125 11544.142578125 11541.344561909 11499.7166963866 11490.857421875 11490.857421875 11490.857421875 11431.9956632526 11419.9287109375 11419.9287109375 11419.9287109375 11410.6493858852 11259.5890893433 11231 11231 11231 11231 -9999 -9999
-9999 -9999 -9999 -9999 -9999 -9999 -9999 -9999 -9999 -9999 -9999 -9999 -9999 -9999 -9999 -9999 -9999 -9999 -9999 -9999 -9999 -9999 -9999 -9999 -9999 -9999 -9999 -9999 -9999 -9999 -9999 -9999 -9999 -9999 -9999 -9999 -9999 -9999 11565.6425782555 11565.6425782549 11565.6425782549 11565.6425782549 11565.8560387505 11569.0318421739 11569.7861314942 11569.7861314942 11569.7861314942 11548.938089483 11544.1425736312 11544.1425736312 11544.1425736312 11541.3445574077 11499.7166917731 11490.8574172377 11490.8574172377 11490.8574172377 11431.9956597222 11419.928707634 11419.928707634 11419.928707634 11410.6991296921 11259.5986362954 11230.9999970455 11230.9999970455 11230.9999970455 11230.9999969868 -9999 -9999
-9999 -9999 -9999 -9999 -9999 -9999 -9999 -9999 -9999 -9999 -9999 -9999 -9999 -9999 -9999 -9999 -9999 -9999 -9999 -9999 -9999 -9999 -9999 -9999 -9999 -9999 -9999 -9999 -9999 -9999 -9999 -9999 -9999 -9999 -9999 -9999 -9999 -9999 11567.9920019905 11567.9808250768 11567.9808250768 11567.9808250768 11566.8535287975 11550.0479804615 11546.0563374877 11546.0563374877 11546.0563374877 11478.7380638847 11463.2533556323 11463.2533556323 11463.2533556323 11460.3198960554 11416.6743635254 11407.3856793354 11407.3856793354 11407.3856793354 11368.4478381855 11360.4653877218 11360.4653877218 11360.4653877218 11350.6776367879 11205.2998607004 11177.8181212583 11177.8181212583 11177.8181212583 11176.7623624647 -9999 -9999
-9999 -9999 -9999 -9999 -9999 -9999 -9999 -9999 -9999 -9999 -9999 -9999 -9999 -9999 -9999 -9999 -9999 -9999 -9999 -9999 -9999 -9999 -9999 -9999 -9999 -9999 -9999 -9999 -9999 -9999 -9999 -9999 -9999 -9999 -9999 -9999 -9999 -9999 11570.4287109375 11570.4287109375 11570.4287109375 11570.4287109375 11567.8977905748 11530.1739764713 11521.2138671875 11521.2138671875 11521.2138671875 11405.2463997547 11378.5712890625 11378.5712890625 11378.5712890625 11375.4960352718 11329.7382286146 11320 11320 11320 11301.9202961118 11298.2138671875 11298.2138671875 11298.2138671875 11288.7786927765 11148.6349080619 11122.142578125 11122.142578125 11122.142578125 11122.142578125 -9999 -9999
-9999 -9999 -9999 -9999 -9999 -9999 -9999 -9999 -9999 -9999 -9999 -9999 -9999 -9999 -9999 -9999 -9999 -9999 -9999 -9999 -9999 -9999 -9999 -9999 -9999 -9999 -9999 -9999 -9999 -9999 -9999 -9999 -9999 -9999 -9999 -9999 -9999 -9999 11570.4287109375 11570.4287109375 11570.4287109375 11570.4287109375 11567.8977905748 11530.1739764713 11521.2138671875 11521.2138671875 11521.2138671875 11405.2463997547 11378.5712890625 11378.5712890625 11378.5712890625 11375.4960352718 11329.7382286146 11320 11320 11320 11301.9202961118 11298.2138671875 11298.2138671875 11298.2138671875 11288.7786927765 11148.6349080619 11122.142578125 11122.142578125 11122.142578125 11122.142578125 -9999 -9999
-9999 -9999 -9999 -9999 -9999 -9999 -9999 -9999 -9999 -9999 -9999 -9999 -9999 -9999 -9999 -9999 -9999 -9999 -9999 -9999 -9999 -9999 -9999 -9999 -9999 -9999 -9999 -9999 -9999 -9999 -9999 -9999 -9999 -9999 -9999 -9999 -9999 -9999 11570.4287113537 11570.428711353 11570.428711353 11570.428711353 11567.8977908796 11530.1739751256 11521.2138654498 11521.2138654498 11521.2138654498 11405.2463979987 11378.5712873022 11378.5712873022 11378.5712873022 11375.4960335263 11329.738227088 11319.99999852 11319.99999852 11319.99999852 11301.9202940624 11298.2138650214 11298.2138650214 11298.2138650214 11288.7786906313 11148.6349062269 11122.1425763486 11122.1425763486 11122.1425763486 11122.1425648123 10844.9287109375 10844.9287109375
-9999 -9999 -9999 -9999 -9999 -9999 -9999 -9999 -9999 -9999 -9999 -9999 -9999 -9999 -9999 -9999 -9999 -9999 -9999 -9999 -9999 -9999 -9999 -9999 -9999 -9999 -9999 -9999 -9999 -9999 -9999 -9999 -9999 -9999 -9999 -9999 -9999 -9999 11577.9203324421 11577.9081826449 11577.9081826449 11577.9081826449 11573.3837123347 11505.9512100819 11489.9347552609 11489.9347552609 11489.9347552609 11373.6372569009 11346.8862317155 11346.8862317155 11346.8862317155 11344.0756900323 11302.2587486928 11293.3592262598 11293.3592262598 11293.3592262598 11265.0307280962 11259.2232455388 11259.2232455388 11259.2232455387 11250.1641013198 11115.6045446982 11090.1678365759 11090.1678365759 11090.1678365759 10882.5113962147 10844.9287109375 10844.9287109375
-9999 -9999 -9999 -9999 -9999 -9999 -9999 -9999 -9999 -9999 -9999 -9999 -9999 -9999 -9999 -9999 -9999 -9999 -9999 -9999 -9999 -9999 -9999 -9999 -9999 -9999 -9999 -9999 -9999 -9999 -9999 -9999 -9999 -9999 -9999 -9999 -9999 -9999 11587.1765893654 11587.175170662 11587.175170662 11587.175170662 11580.1810889648 11475.9385355149 11451.1790069088 11451.1790069088 11451.1790069088 11334.4726891116 11307.6276263139 11307.6276263139 11307.6276263139 11305.1450621036 11268.2108405636 11260.3504724655 11260.3504724655 11260.3504724655 11219.3238847682 11210.9132309077 11210.9132309077 11210.9132309077 11202.3199869202 11074.6790900629 11050.5502593259 11050.5502593259 11050.5502593259 10876.4400365434 10844.9287109375 10844.9287109375
-9999 -9999 -9999 -9999 -9999 -9999 -9999 -9999 -9999 -9999 -9999 -9999 -9999 -9999 -9999 -9999 -9999 -9999 -9999 -9999 -9999 -9999 -9999 -9999 -9999 -9999 -9999 -9999 -9999 -9999 -9999 -9999 -9999 -9999 -9999 -9999 -9999 -9999 11588.857421875 11588.857421875 11588.857421875 11588.857421875 11581.4153388364 11470.489527696 11444.142578125 11444.142578125 11444.142578125 11327.3621173423 11300.5 11300.5 11300.5 11298.076975648 11262.0291456091 11254.357421875 11254.357421875 11254.357421875 11211.0257796007 11202.142578125 11202.142578125 11202.142578125 11193.6339120003 11067.2488539493 11043.357421875 11043.357421875 11043.357421875 10875.3377403846 10844.9287109375 10844.9287109375
-9999 -9999 -9999 -9999 -9999 -9999 -9999 -9999 -9999 -9999 -9999 -9999 -9999 -9999 -9999 -9999 -9999 -9999 -9999 -9999 -9999 -9999 -9999 -9999 -9999 -9999 -9999 -9999 -9999 -9999 -9999 -9999 -9999 -9999 -9999 -9999 -9999 -9999 11588.857421875 11588.857421875 11588.857421875 11588.857421875 11581.4153388364 11470.489527696 11444.142578125 11444.142578125 11444.142578125 11327.3621173423 11300.5 11300.5 11300.5 11298.076975648 11262.0291456091 11254.357421875 11254.357421875 11254.357421875 11211.0257796007 11202.142578125 11202.142578125 11202.142578125 11193.6339120003 11067.2488539493 11043.357421875 11043.357421875 11043.357421875 10875.3377403846 10844.9287109375 10844.9287109375
11760.857421875 11760.857421875 11755.8852989832 11681.1176743282 11654.2138671875 11654.2138671875 11654.2138671875 11598.4440195035 11578.642578125 11578.642578125 11578.642578125 11576.3697428221 11542.2664437806 11531 11531 11531 11535.7989343416 11537.357421875 -9999 -9999 -9999 -9999 -9999 -9999 -9999 -9999 -9999 -9999 -9999 -9999 -9999 -9999 -9999 -9999 -9999 -9999 -9999 11644.2138671875 11588.8574215073 11588.8574206255 11588.8574206255 11588.8574206255 11581.4153375888 11470.4895264776 11444.1425769136 11444.1425769136 11444.1425769136 11327.362117318 11300.5000002487 11300.5000002487 11300.5000002487 11298.0769759017 11262.029145938 11254.35742222 11254.35742222 11254.35742222 11211.025779731 11202.1425782112 11202.1425782112 11202.1425782112 11193.6339122378 11067.2488564329 11043.3574247832 11043.3574247832 11043.3574247832 10875.337746404 10844.92871752 10844.92871752
11760.857421875 11760.857421875 11755.8852989832 11681.1176743282 11654.2138671875 11654.2138671875 11654.2138671875 11598.4440195035 11578.642578125 11578.642578125 11578.642578125 11576.3697428221 11542.2664437806 11531 11531 11531 11535.7989343416 11537.357421875 11537.357421875 -9999 -9999 -9999 -9999 -9999 -9999 -9999 -9999 -9999 -9999 -9999 -9999 -9999 -9999 -9999 -9999 -9999 11644.2138671875 11644.2138671875 11582.2380533747 11566.3660118891 11566.3660118891 11566.3660118891 11558.9592305357 11448.5592897796 11422.3372430136 11422.3372430136 11422.3372430136 11326.9239523647 11304.9767619508 11304.9767619508 11304.9767619508 11302.6448579072 11267.9503601643 11260.5666462786 11260.5666462786 11260.5666462786 11213.3703574115 11203.6948842259 11203.6948842259 11203.6948842259 11197.9082787394 11111.9535507795 11095.7049347981 11095.7049347981 11095.7049347981 10983.6881739717 10963.4148289188 10963.4148289188
11760.857421875 11760.857421875 11755.8852989832 11681.1176743282 11654.2138671875 11654.2138671875 11654.2138671875 11598.4440195035 11578.642578125 11578.642578125 11578.642578125 11576.3697428221 11542.2664437806 11531 11531 11531 11535.7989343416 11537.357421875 11537.357421875 11537.357421875 -9999 -9999 -9999 -9999 -9999 -9999 -9999 -9999 -9999 -9999 -9999 -9999 -9999 -9999 -9999 -9999 11644.2138671875 11644.2138671875 11564.7166936434 11544.357421875 11544.357421875 11544.357421875 11536.9851843906 11427.0998252323 11401 11401 11401 11326.4951934138 11309.357421875 11309.357421875 11309.357421875 11307.114682073 11273.7444648296 11266.642578125 11266.642578125 11266.642578125 11215.6646044963 11205.2138671875 11205.2138671875 11205.2138671875 11202.0908882418 11155.6985780967 11146.9287109375 11146.9287109375 11146.9287109375 11089.7126638618 11079.357421875 11079.357421875
11760.857421875 11760.857421875 11755.8852989832 11681.1176743282 11654.2138671875 11654.2138671875 11654.2138671875 11598.4440195035 11578.642578125 11578.642578125 11578.642578125 11576.3697428221 11542.2664437806 11531 11531 11531 11535.7989343416 11537.357421875 11537.357421875 11537.357421875 11537.357421875 -9999 -9999 -9999 -9999 -9999 -9999 -9999 -9999 -9999 -9999 -9999 -9999 -9999 -9999 11644.2138671875 11644.2138671875 11644.2138671875 11564.7166936434 11544.357421875 11544.357421875 11544.357421875 11536.9851843906 11427.0998252323 11401 11401 11401 11326.4951934138 11309.357421875 11309.357421875 11309.357421875 11307.114682073 11273.7444648296 11266.642578125 11266.642578125 11266.642578125 11215.6646044963 11205.2138671875 11205.2138671875 11205.2138671875 11202.0908882418 11155.6985780967 11146.9287109375 11146.9287109375 11146.9287109375 11089.7126638618 11079.357421875 11079.357421875
11760.857419089 11760.857419089 11755.8852961631 11681.1176709955 11654.2138636704 11654.2138636704 11654.2138636704 11598.4440148251 11578.6425730342 11578.6425730342 11578.6425730342 11576.3697376909 11542.2664380426 11530.9999940616 11530.9999940616 11530.9999940616 11535.7989279243 11537.3574153021 11537.3574153021 11537.3574153021 11537.3574152943 11537.3574102424 11299.9287109375 11299.9287109375 11299.9287109375 11356.7061887741 11373.5 11373.5 11373.5 11536.9728735468 11583.2861328125 11583.2861328125 11583.2861328125 11588.7986734663 11644.2138672267 11644.2138686802 11644.2138682083 11644.2138680401 11564.716693735 11544.3574217718 11544.3574217718 11544.3574217718 11536.9851843047 11427.0998254056 11401.0000002348 11401.0000002348 11401.0000002348 11326.4951950986 11309.3574238933 11309.3574238933 11309.3574238933 11307.1146841419 11273.7444676518 11266.6425811076 11266.6425811076 11266.6425811076 11215.6646080966 11205.2138709144 11205.2138709144 11205.2138709144 11202.090892015 11155.6985825579 11146.9287155287 11146.9287155287 11146.9287155287 11089.7126691129 11079.3574272456 11079.3574272456
11710.7083259669 11710.7083259669 11705.1223418718 11621.1289780638 11590.9054986424 11590.9054986424 11590.9054986424 11514.2308576873 11487.0070356555 11487.0070356555 11487.0070356555 11484.0064169553 11438.9814548614 11424.1068942659 11424.1068942659 11424.1068942659 11420.28490288 11419.0436844129 11419.0436844129 11419.0436844129 11418.9035387817 11327.9688084646 11299.9287109375 11299.9287109375 11299.9287109375 11356.7061887741 11373.5 11373.5 11373.5 11536.9728735468 11583.2861328125 11583.2861328125 11583.2861328125 11588.798673449 11644.9191014946 11671.0822882725 11662.5877148298 11659.5615933342 11566.3664057262 11542.4990646947 11542.4990646947 11542.4990646947 11535.4395971575 11430.2185823178 11405.2266355491 11405.2266355491 11405.2266355491 11356.8221649269 11345.6880542972 11345.6880542972 11345.6880542972 11344.356479271 11324.5452971077 11320.3290644393 11320.3290644393 11320.3290644393 11280.4707181638 11272.2995595861 11272.2995595861 11272.2995595861 11270.0100171133 11236.000552731 11229.5715077311 11229.5715077311 11229.5715077311 11184.2339718392 11176.0285613078 11176.0285613078
11651.9005274034 11651.9005274034 11645.5949953112 11550.7830610327 11516.6667244316 11516.6667244316 11516.6667244316 11415.4781377213 11379.550482346 11379.5504823459 11379.550482346 11375.6961088807 11317.8638650555 11298.7582853403 11298.7582853403 11298.7582853403 11284.826620183 11280.3022143627 11280.3022143627 11280.3022143627 11281.2872445329 11295.6060526181 11299.9287109375 11299.9287109375 11299.9287109375 11356.7061887741 11373.5 11373.5 11373.5 11536.9728735468 11583.2861328125 11583.2861328125 11583.2861328125 11588.4877935291 11659.0288564013 11677.5593767724 11677.5593767724 11677.5593767724 11568.3008013705 11540.3196175062 11540.3196175062 11540.3196175062 11533.6270484838 11433.8756679269 11410.1828650426 11410.1828650426 11410.1828650426 11392.3850115988 11388.2911073236 11388.2911073236 11388.2911073236 11388.0281301768 11384.1170952137 11383.2847503143 11383.2847503143 11383.2847503143 11356.4658594634 11350.9678538887 11350.9678538887 11350.9678538887 11349.6558122541 11330.1672255225 11326.4831648297 11326.4831648297 11326.4831648297 11295.0749327488 11289.3905162224 11289.3905162224
11641.357421875 11641.357421875 11634.9231191689 11538.1716826654 11503.357421875 11503.357421875 11503.357421875 11397.7741494716 11360.2861328125 11360.2861328125 11360.2861328125 11356.2784587758 11296.1501976168 11276.2861328125 11276.2861328125 11276.2861328125 11260.5417949217 11255.4287109375 11255.4287109375 11255.4287109375 11257.599641858 11290.1084421119 11299.9287109375 11299.9287109375 11299.9287109375 11356.7061887741 11373.5 11373.5 11373.5 11536.9728735468 11583.2861328125 11583.2861328125 11583.2861328125 11588.194790964 11661.4947915978 11680.7861328125 11680.7861328125 11680.7861328125 11568.647483407 11539.9287109375 11539.9287109375 11539.9287109375 11533.3020158855 11434.5311957257 11411.0712890625 11411.0712890625 11411.0712890625 11398.760473746 11395.9287109375 11395.9287109375 11395.9287109375 11395.8573983822 11394.7969688115 11394.5712890625 11394.5712890625 11394.5712890625 11370.0900619768 11365.0712890625 11365.0712890625 11365.0712890625 11363.934619585 11347.0493615322 11343.857421875 11343.857421875 11343.857421875 11314.9463376048 11309.7138671875 11309.7138671875
11641.357421875 11641.357421875 11634.9231191689 11538.1716826654 11503.357421875 11503.357421875 11503.357421875 11397.7741494716 11360.2861328125 11360.2861328125 11360.2861328125 11356.2784587758 11296.1501976168 11276.2861328125 11276.2861328125 11276.2861328125 11260.5417949217 11255.4287109375 11255.4287109375 11255.4287109375 11257.599641858 11290.1084421119 11299.9287109375 11299.9287109375 11299.9287109375 11356.7061887741 11373.5 11373.5 11373.5 11536.9728735468 11583.2861328125 11583.2861328125 11583.2861328125 11588.194790964 11661.4947915978 11680.7861328125 11680.7861328125 11680.7861328125 11568.647483407 11539.9287109375 11539.9287109375 11539.9287109375 11533.3020158855 11434.5311957257 11411.0712890625 11411.0712890625 11411.0712890625 11398.7604737461 11395.9287109375 11395.9287109375 11395.9287109375 11395.8573983822 11394.7969688115 11394.5712890625 11394.5712890625 11394.5712890625 11370.0900619768 11365.0712890625 11365.0712890625 11365.0712890625 11363.934619585 11347.0493615322 11343.857421875 11343.857421875 11343.857421875 11314.9463376048 11309.7138671875 11309.7138671875
11641.3574091637 11641.3574091637 11634.9231065637 11538.1716716557 11503.3574114394 11503.3574114394 11503.3574114394 11397.7741411911 11360.2861252972 11360.2861252972 11360.2861252972 11356.2784513494 11296.1501915241 11276.2861271605 11276.2861271605 11276.2861271605 11260.541789592 11255.4287057125 11255.4287057124 11255.4287057124 11257.5996365721 11290.1084359161 11299.9287044668 11299.9287044668 11299.9287044668 11356.7061810126 11373.4999918567 11373.4999918567 11373.4999918567 11536.9728635252 11583.2861222587 11583.2861222587 11583.2861222587 11588.1947806096 11661.4947842195 11680.7861262174 11680.7861262174 11680.7861262174 11568.6474801846 11539.9287085789 11539.9287085789 11539.9287085789 11533.3020136617 11434.5311955115 11411.0712893257 11411.0712893257 11411.0712893257 11398.7604749394 11395.9287123448 11395.9287123448 11395.9287123448 11395.8573997982 11394.796970357 11394.5712906356 11394.5712906356 11394.5712906356 11370.0900633039 11365.0712903392 11365.0712903392 11365.0712903392 11363.934620826 11347.0493622419 11343.8574224843 11343.8574224843 11343.8574224843 11314.94633853 11309.7138681699 11309.7138681699
